"x" "y" "z" "temp"
15 0.0 0 820
3 0.0048 0 792
18 0.0064 0 723
9 0.009 0 771
12 0.0119 0 778
6 0.0151 0 751
0 0.0369 0 797
21 0.0395 0 765
15 0.0985 0 832
3 0.1031 0 816
18 0.1057 0 717
9 0.1076 0 775
12 0.1103 0 795
6 0.1146 0 772
0 0.1359 0 784
21 0.1381 0 749
15 0.1982 0 839
3 0.2015 0 823
18 0.2039 0 733
9 0.2063 0 764
12 0.2098 0 811
6 0.2125 0 790
0 0.235 0 775
21 0.2376 0 732
15 0.2961 0 834
3 0.3008 0 810
18 0.3037 0 751
9 0.3044 0 752
12 0.308 0 816
6 0.3121 0 795
0 0.3333 0 795
21 0.3364 0 729
15 0.395 0 829
3 0.3997 0 798
18 0.4023 0 761
9 0.4037 0 743
12 0.4073 0 810
6 0.4099 0 787
0 0.4327 0 813
21 0.4349 0 753
15 0.494 0 824
3 0.4982 0 784
18 0.5008 0 756
9 0.5021 0 745
12 0.5051 0 802
6 0.5093 0 777
0 0.5312 0 825
21 0.5333 0 777
15 0.5925 0 819
3 0.5971 0 774
18 0.5996 0 747
9 0.601 0 764
12 0.6048 0 794
6 0.6077 0 768
0 0.6293 0 819
21 0.6318 0 790
15 0.6909 0 830
3 0.6961 0 804
18 0.6986 0 736
9 0.7003 0 784
12 0.7029 0 788
6 0.7068 0 762
0 0.7284 0 808
21 0.7313 0 779
15 0.7898 0 842
3 0.7945 0 828
18 0.797 0 728
9 0.7991 0 789
12 0.8015 0 806
6 0.8049 0 783
0 0.8271 0 796
21 0.83 0 763
15 0.8893 0 849
3 0.8934 0 836
18 0.8955 0 744
9 0.8974 0 778
12 0.9001 0 822
6 0.9042 0 802
0 0.9262 0 787
21 0.9286 0 745
15 0.988 0 843
3 0.9914 0 821
18 0.9948 0 763
9 0.9964 0 765
12 0.9989 0 827
6 1.003 0 807
0 1.0242 0 809
21 1.0271 0 743
15 1.086 0 837
3 1.0909 0 805
18 1.0934 0 772
9 1.0947 0 753
12 1.098 0 818
6 1.1012 0 797
0 1.1232 0 828
21 1.1265 0 771
15 1.1852 0 832
3 1.1895 0 793
18 1.192 0 766
9 1.1934 0 758
12 1.1971 0 811
6 1.1999 0 788
0 1.2217 0 835
21 1.2246 0 791
15 1.2843 0 829
3 1.2882 0 791
18 1.2906 0 754
9 1.2923 0 781
12 1.295 0 800
6 1.2985 0 775
0 1.3206 0 827
21 1.3237 0 800
15 1.3824 0 841
3 1.3871 0 818
18 1.3896 0 745
9 1.3907 0 797
12 1.3945 0 799
6 1.3972 0 774
0 1.4195 0 817
21 1.4224 0 789
15 1.4815 0 851
3 1.4849 0 838
18 1.4882 0 737
9 1.4894 0 800
12 1.4928 0 816
6 1.496 0 794
0 1.5184 0 805
21 1.5208 0 774
15 1.5803 0 858
3 1.5838 0 846
18 1.5867 0 754
9 1.5879 0 790
12 1.5921 0 832
6 1.5951 0 813
0 1.6166 0 798
21 1.6201 0 757
15 1.6786 0 852
3 1.6827 0 832
18 1.6859 0 772
9 1.6868 0 777
12 1.6905 0 836
6 1.6941 0 817
0 1.7152 0 819
21 1.7184 0 753
15 1.7777 0 846
3 1.7816 0 817
18 1.7839 0 783
9 1.7854 0 765
12 1.7891 0 828
6 1.7923 0 808
0 1.8143 0 837
21 1.8166 0 780
15 1.876 0 839
3 1.8804 0 802
18 1.8832 0 775
9 1.8849 0 770
12 1.8876 0 818
6 1.8917 0 796
0 1.9135 0 844
21 1.9153 0 804
15 1.9749 0 838
3 1.979 0 804
18 1.9811 0 763
9 1.9831 0 793
12 1.9867 0 807
6 1.9897 0 782
0 2.0124 0 834
21 2.0151 0 809
15 2.074 0 852
3 2.0777 0 834
18 2.0804 0 750
9 2.0826 0 811
12 2.0856 0 813
6 2.0887 0 788
0 2.1105 0 820
21 2.1134 0 793
15 2.1719 0 863
3 2.1764 0 854
18 2.1788 0 750
9 2.1807 0 806
12 2.1839 0 832
6 2.187 0 811
0 2.2092 0 808
21 2.2117 0 776
15 2.2706 0 863
3 2.275 0 849
18 2.2776 0 771
9 2.2791 0 794
12 2.2827 0 846
6 2.2864 0 828
0 2.308 0 816
21 2.3102 0 758
15 2.3699 0 856
3 2.3736 0 833
18 2.3766 0 788
9 2.3781 0 780
12 2.3815 0 839
6 2.3849 0 821
0 2.4072 0 835
21 2.4095 0 772
15 2.4688 0 847
3 2.4729 0 815
18 2.4756 0 785
9 2.4769 0 766
12 2.4802 0 827
6 2.4835 0 807
0 2.5057 0 847
21 2.5087 0 796
15 2.5673 0 838
3 2.5716 0 797
18 2.5744 0 772
9 2.5756 0 782
12 2.5787 0 814
6 2.5823 0 792
0 2.6046 0 841
21 2.6073 0 813
15 2.6655 0 844
3 2.67 0 817
18 2.6725 0 757
9 2.6745 0 800
12 2.6778 0 804
6 2.6811 0 777
0 2.7025 0 826
21 2.7056 0 801
15 2.7652 0 855
3 2.7695 0 841
18 2.7718 0 743
9 2.7737 0 808
12 2.7764 0 819
6 2.7796 0 795
0 2.8019 0 811
21 2.8048 0 781
15 2.8632 0 860
3 2.8674 0 850
18 2.8697 0 752
9 2.8725 0 795
12 2.875 0 833
6 2.8791 0 813
0 2.901 0 798
21 2.9028 0 761
15 2.9624 0 853
3 2.9663 0 835
18 2.9689 0 770
9 2.9704 0 780
12 2.9735 0 836
6 2.9771 0 819
0 2.9987 0 817
21 3.0015 0 750
15 3.0605 0 845
3 3.0647 0 818
18 3.0678 0 781
9 3.0691 0 765
12 3.0725 0 826
6 3.0759 0 807
0 3.0984 0 833
21 3.1008 0 775
15 3.16 0 835
3 3.1641 0 797
18 3.1661 0 771
9 3.1679 0 763
12 3.171 0 813
6 3.1747 0 791
0 3.1962 0 838
21 3.1991 0 798
15 3.258 0 832
3 3.2625 0 795
18 3.2653 0 756
9 3.2671 0 783
12 3.27 0 799
6 3.2731 0 775
0 3.2958 0 825
21 3.2985 0 800
15 3.3567 0 843
3 3.3612 0 822
18 3.3638 0 739
9 3.3652 0 798
12 3.3692 0 804
6 3.3725 0 775
0 3.3946 0 809
21 3.397 0 782
15 3.4554 0 852
3 3.4595 0 841
18 3.4629 0 737
9 3.4648 0 792
12 3.4674 0 820
6 3.4707 0 796
0 3.4925 0 793
21 3.4952 0 760
15 3.5546 0 850
3 3.5586 0 833
18 3.5611 0 754
9 3.5628 0 777
12 3.5667 0 830
6 3.5702 0 811
0 3.5919 0 800
21 3.5947 0 740
15 3.653 0 841
3 3.6574 0 815
18 3.6597 0 768
9 3.6619 0 761
12 3.6645 0 822
6 3.6688 0 803
0 3.6904 0 818
21 3.6932 0 754
15 3.7519 0 832
3 3.7564 0 797
18 3.7592 0 767
9 3.7609 0 748
12 3.7633 0 810
6 3.7675 0 789
0 3.7892 0 831
21 3.7919 0 790
15 3.8513 0 823
3 3.8545 0 779
18 3.858 0 754
9 3.8595 0 764
12 3.863 0 796
0 3.8879 0 821
21 3.89 0 794
15 3.9493 0 829
3 3.9533 0 799
18 3.9563 0 741
9 3.9578 0 780
12 3.9612 0 788
6 3.9644 0 760
0 3.9866 0 807
21 3.9893 0 781
15 4.0483 0 839
3 4.0527 0 823
18 4.055 0 726
9 4.057 0 788
12 4.0594 0 803
6 4.0631 0 775
0 4.0849 0 791
21 4.0881 0 760
15 4.1472 0 845
3 4.1511 0 832
18 4.1539 0 733
9 4.1553 0 776
12 4.1592 0 816
6 4.1618 0 791
0 4.1838 0 780
21 4.1862 0 741
15 4.2461 0 838
3 4.2495 0 818
18 4.2523 0 748
9 4.2542 0 762
12 4.2569 0 819
6 4.261 0 800
0 4.2829 0 795
21 4.2853 0 727
15 4.3445 0 829
3 4.3484 0 799
18 4.3509 0 760
9 4.3532 0 746
12 4.3559 0 808
6 4.3594 0 789
0 4.3816 0 811
21 4.384 0 749
15 4.4427 0 819
3 4.4476 0 780
18 4.4501 0 752
9 4.4517 0 738
12 4.4552 0 795
6 4.4585 0 774
0 4.4801 0 817
21 4.4832 0 771
15 4.5419 0 814
3 4.5464 0 770
18 4.5488 0 740
9 4.551 0 756
12 4.554 0 783
6 4.5572 0 759
0 4.5785 0 806
21 4.5819 0 779
15 4.6406 0 823
3 4.645 0 796
18 4.6474 0 726
9 4.6492 0 771
12 4.6518 0 782
6 4.6561 0 752
0 4.6774 0 790
21 4.6798 0 762
15 4.7389 0 831
3 4.7435 0 815
18 4.7466 0 715
9 4.7475 0 773
12 4.7512 0 797
6 4.7541 0 768
0 4.7759 0 775
21 4.7792 0 742
15 4.8377 0 832
3 4.8423 0 816
18 4.8445 0 727
9 4.8461 0 758
12 4.8494 0 809
6 4.8532 0 784
0 4.8752 0 772
21 4.8778 0 722
15 4.9371 0 824
3 4.9409 0 799
18 4.9433 0 741
9 4.9451 0 743
12 4.9482 0 804
6 4.9524 0 785
0 4.9735 0 791
21 4.9765 0 723
15 5.0358 0 815
3 5.04 0 780
18 5.0427 0 747
9 5.0443 0 729
12 5.0476 0 793
6 5.0503 0 772
0 5.0727 0 804
21 5.0756 0 745
15 5.1344 0 806
3 5.1383 0 761
18 5.1409 0 736
9 5.1426 0 731
12 5.1464 0 779
6 5.149 0 756
0 5.1716 0 800
21 5.174 0 764
15 5.2331 0 807
3 5.2373 0 766
18 5.2396 0 723
9 5.2413 0 748
12 5.2448 0 767
6 5.2479 0 742
0 5.2703 0 787
21 5.2723 0 759
15 5.3322 0 817
3 5.3359 0 792
18 5.3381 0 710
9 5.3402 0 762
12 5.3432 0 778
6 5.3469 0 746
0 5.369 0 771
21 5.372 0 740
15 5.4309 0 824
3 5.4349 0 809
18 5.4373 0 707
9 5.4385 0 754
12 5.4422 0 791
6 5.446 0 763
0 5.4678 0 757
21 5.4706 0 720
15 5.5293 0 819
3 5.5337 0 797
18 5.5362 0 722
9 5.5373 0 739
12 5.5411 0 797
6 5.5446 0 776
0 5.5662 0 770
21 5.5689 0 703
15 5.628 0 809
3 5.6324 0 777
18 5.6351 0 734
9 5.6362 0 723
12 5.6395 0 786
6 5.6435 0 766
0 5.6651 0 787
21 5.6681 0 723
15 5.7272 0 799
3 5.7315 0 757
18 5.7333 0 729
9 5.7348 0 712
12 5.7386 0 773
6 5.742 0 751
0 5.7643 0 792
21 5.7665 0 744
15 5.8251 0 793
3 5.8297 0 743
18 5.8322 0 718
9 5.8344 0 726
12 5.8367 0 761
6 5.8405 0 737
0 5.8623 0 781
21 5.8657 0 751
15 5.9241 0 800
3 5.928 0 766
18 5.9311 0 705
9 5.9329 0 740
12 5.9363 0 759
6 5.9396 0 726
0 5.9612 0 766
21 5.9641 0 736
15 6.023 0 810
3 6.0276 0 787
18 6.0301 0 694
9 6.0314 0 745
12 6.0352 0 773
6 6.0377 0 741
0 6.0605 0 752
21 6.0626 0 718
15 6.1223 0 812
3 6.1256 0 792
18 6.1287 0 701
9 6.1303 0 734
12 6.1332 0 783
6 6.1368 0 755
0 6.1588 0 747
21 6.1609 0 700
15 6.2203 0 805
3 6.2249 0 778
18 6.227 0 712
9 6.2291 0 721
12 6.2325 0 781
6 6.235 0 760
0 6.257 0 761
21 6.2601 0 693
15 6.3193 0 796
3 6.3231 0 758
18 6.326 0 721
9 6.328 0 706
12 6.3309 0 770
6 6.3345 0 749
0 6.3559 0 775
21 6.3585 0 714
15 6.4179 0 786
3 6.4227 0 740
18 6.4247 0 714
9 6.4267 0 700
12 6.43 0 757
6 6.4331 0 734
0 6.4552 0 775
21 6.4577 0 732
15 6.5167 0 783
3 6.5209 0 735
18 6.5229 0 703
9 6.5254 0 715
12 6.5288 0 745
6 6.5323 0 720
0 6.5539 0 761
21 6.5565 0 731
15 6.6158 0 791
3 6.6201 0 757
18 6.6216 0 691
9 6.6236 0 728
12 6.6271 0 749
6 6.6309 0 715
0 6.6525 0 747
21 6.6549 0 716
15 6.7147 0 798
3 6.7185 0 775
18 6.7212 0 682
9 6.7228 0 728
12 6.7253 0 762
6 6.7292 0 729
0 6.7511 0 733
21 6.7539 0 698
15 6.8132 0 798
3 6.8172 0 774
18 6.8199 0 692
9 6.8209 0 716
12 6.8244 0 772
6 6.8276 0 743
0 6.8498 0 738
21 6.853 0 680
15 6.9111 0 789
3 6.9159 0 756
18 6.9179 0 703
9 6.9199 0 702
12 6.923 0 764
6 6.9272 0 742
0 6.9484 0 752
21 6.9516 0 686
15 7.0101 0 780
3 7.0149 0 736
18 7.0171 0 706
9 7.019 0 688
12 7.0218 0 752
6 7.0257 0 729
0 7.0473 0 764
21 7.0501 0 706
15 7.1096 0 770
3 7.113 0 717
18 7.1159 0 696
9 7.1171 0 693
12 7.121 0 739
6 7.1243 0 715
0 7.1457 0 753
21 7.1484 0 721
15 7.2079 0 775
3 7.2116 0 732
18 7.2142 0 684
9 7.2163 0 707
12 7.2201 0 733
6 7.2233 0 702
0 7.2447 0 740
21 7.2473 0 709
15 7.3067 0 783
3 7.3104 0 753
18 7.3134 0 673
9 7.315 0 716
12 7.3184 0 744
6 7.3217 0 709
0 7.3439 0 725
21 7.3465 0 691
15 7.4053 0 787
3 7.4089 0 764
18 7.412 0 673
9 7.4139 0 707
12 7.4166 0 754
6 7.4204 0 722
0 7.442 0 717
21 7.4451 0 674
15 7.5037 0 780
3 7.5081 0 750
18 7.511 0 684
9 7.5123 0 695
12 7.5162 0 755
6 7.5196 0 731
0 7.5413 0 730
21 7.5435 0 663
15 7.6024 0 773
3 7.6068 0 734
18 7.6091 0 692
9 7.6107 0 684
12 7.6145 0 746
6 7.6178 0 724
0 7.6395 0 740
21 7.6419 0 676
15 7.7014 0 764
3 7.7056 0 717
18 7.7087 0 690
9 7.7099 0 672
12 7.7129 0 735
6 7.7161 0 712
0 7.7388 0 746
21 7.7416 0 693
15 7.8002 0 757
3 7.8039 0 701
18 7.807 0 681
9 7.8085 0 680
12 7.8123 0 724
6 7.8158 0 699
0 7.8376 0 735
21 7.8394 0 702
15 7.8986 0 762
3 7.9027 0 716
18 7.9052 0 671
9 7.907 0 691
12 7.9103 0 720
6 7.9142 0 687
0 7.9364 0 722
21 7.9388 0 690
15 7.9977 0 768
3 8.0018 0 735
18 8.0041 0 660
9 8.006 0 698
12 8.0095 0 730
6 8.0122 0 694
0 8.0343 0 708
21 8.0373 0 673
15 8.0969 0 771
3 8.1006 0 745
18 8.1031 0 660
9 8.1049 0 690
12 8.1076 0 738
6 8.1112 0 705
0 8.1331 0 702
21 8.1363 0 658
15 8.1955 0 764
3 8.1988 0 731
18 8.2013 0 669
9 8.204 0 678
12 8.2074 0 736
6 8.2104 0 713
0 8.2323 0 715
21 8.2347 0 649
15 8.2934 0 757
3 8.2983 0 715
18 8.3003 0 678
9 8.3021 0 667
12 8.3066 0 736
0 8.3313 0 727
21 8.3338 0 665
15 8.3922 0 748
3 8.3972 0 697
18 8.3993 0 674
9 8.4015 0 658
12 8.4046 0 726
0 8.4294 0 728
21 8.4319 0 680
15 8.4914 0 742
3 8.4956 0 685
18 8.4983 0 666
9 8.4994 0 665
12 8.5039 0 716
6 8.5069 0 683
0 8.5279 0 717
21 8.5305 0 684
15 8.59 0 748
3 8.594 0 703
18 8.5972 0 656
9 8.5989 0 676
12 8.6027 0 705
6 8.6055 0 673
0 8.6275 0 704
21 8.6298 0 670
15 8.6886 0 754
3 8.6926 0 719
18 8.6955 0 647
9 8.697 0 681
12 8.7007 0 704
6 8.7037 0 680
0 8.7254 0 692
21 8.7283 0 656
15 8.7879 0 756
3 8.7916 0 726
18 8.7939 0 649
9 8.7961 0 672
12 8.8003 0 714
6 8.8024 0 692
0 8.825 0 690
21 8.827 0 641
15 8.8866 0 749
3 8.8907 0 710
18 8.8934 0 658
9 8.8944 0 660
12 8.8981 0 723
6 8.9015 0 696
0 8.9233 0 702
21 8.9257 0 638
15 8.985 0 740
3 8.9893 0 694
18 8.9917 0 663
9 8.9934 0 650
12 8.9974 0 718
6 9.0001 0 687
0 9.0214 0 712
21 9.0244 0 652
15 9.0836 0 732
3 9.0882 0 678
18 9.0908 0 659
9 9.0921 0 646
12 9.096 0 709
6 9.0989 0 676
0 9.1209 0 708
21 9.1231 0 666
15 9.1823 0 732
3 9.1868 0 678
18 9.1889 0 650
9 9.1903 0 656
12 9.1946 0 698
6 9.1976 0 664
0 9.2193 0 695
21 9.2218 0 662
15 9.2807 0 738
3 9.2854 0 696
18 9.2879 0 641
9 9.2894 0 665
12 9.2936 0 690
0 9.3177 0 683
21 9.3212 0 648
15 9.3803 0 744
3 9.3842 0 711
18 9.387 0 636
9 9.3887 0 663
12 9.3921 0 696
6 9.3949 0 672
0 9.4167 0 673
21 9.4196 0 633
15 9.4784 0 739
3 9.4833 0 704
18 9.4848 0 642
9 9.4868 0 654
12 9.4905 0 704
6 9.4941 0 680
0 9.5159 0 679
21 9.5179 0 622
15 9.5779 0 732
3 9.5818 0 689
18 9.5844 0 648
9 9.5854 0 644
12 9.5893 0 708
0 9.6143 0 689
21 9.6171 0 627
15 9.6758 0 724
3 9.68 0 674
18 9.683 0 650
9 9.6844 0 635
12 9.6883 0 701
0 9.7129 0 695
21 9.7152 0 639
15 9.7748 0 716
3 9.7793 0 659
18 9.782 0 644
9 9.7827 0 633
12 9.7869 0 692
0 9.8113 0 689
21 9.8144 0 650
15 9.8739 0 717
3 9.8779 0 662
18 9.8808 0 637
9 9.8824 0 641
12 9.8856 0 684
0 9.9108 0 678
21 9.913 0 644
15 9.9722 0 721
3 9.9764 0 674
18 9.9787 0 630
9 9.9809 0 647
12 9.985 0 677
0 10.0089 0 669
21 10.0121 0 633
15 10.0709 0 726
3 10.0754 0 688
18 10.0777 0 624
9 10.079 0 648
12 10.0838 0 680
0 10.1081 0 658
21 10.1106 0 620
15 10.1698 0 723
3 10.1735 0 686
18 10.1769 0 627
9 10.178 0 640
12 10.1827 0 687
0 10.2068 0 661
21 10.2098 0 609
15 10.2687 0 715
3 10.2727 0 672
18 10.2746 0 633
9 10.2764 0 631
12 10.281 0 691
0 10.3058 0 670
21 10.3086 0 611
15 10.3677 0 708
3 10.3708 0 657
18 10.3742 0 635
9 10.3752 0 622
12 10.3799 0 684
0 10.4046 0 676
21 10.4064 0 622
15 10.4664 0 700
3 10.4701 0 643
18 10.4725 0 630
9 10.474 0 620
12 10.4778 0 676
0 10.5031 0 669
21 10.506 0 630
15 10.5647 0 701
3 10.569 0 645
18 10.5715 0 624
9 10.5727 0 626
12 10.5765 0 668
0 10.6016 0 660
21 10.6046 0 624
15 10.6632 0 705
3 10.6677 0 659
18 10.67 0 617
9 10.6713 0 632
12 10.6757 0 661
0 10.7009 0 650
21 10.7035 0 614
15 10.7619 0 708
3 10.7665 0 668
18 10.7686 0 612
9 10.7711 0 631
12 10.7744 0 665
6 10.7768 0 639
0 10.7992 0 642
21 10.8017 0 604
15 10.8607 0 704
3 10.8654 0 664
18 10.8675 0 615
9 10.8687 0 624
12 10.8734 0 670
6 10.8757 0 645
0 10.8976 0 647
21 10.9008 0 594
15 10.9597 0 697
3 10.9639 0 651
18 10.9662 0 620
9 10.9684 0 615
12 10.9716 0 672
0 10.9966 0 655
21 10.9998 0 599
15 11.0588 0 689
3 11.0624 0 636
18 11.0649 0 620
9 11.0671 0 607
12 11.0701 0 666
6 11.0734 0 636
0 11.0956 0 658
21 11.0983 0 607
15 11.1571 0 683
3 11.1612 0 624
18 11.164 0 615
9 11.1655 0 606
12 11.1699 0 657
6 11.1722 0 627
0 11.1936 0 650
21 11.1971 0 613
15 11.2554 0 682
3 11.2594 0 626
18 11.2627 0 610
9 11.2638 0 610
12 11.2676 0 650
0 11.293 0 641
21 11.2951 0 606
15 11.3544 0 687
3 11.3588 0 638
18 11.3616 0 604
9 11.363 0 615
12 11.3673 0 645
6 11.3692 0 618
0 11.392 0 633
21 11.3946 0 597
15 11.4532 0 690
3 11.4575 0 648
18 11.4599 0 601
9 11.4614 0 613
12 11.4658 0 649
0 11.4901 0 626
21 11.4928 0 587
15 11.5525 0 685
3 11.5564 0 639
18 11.5588 0 603
9 11.5605 0 606
12 11.5642 0 653
0 11.5885 0 631
21 11.5916 0 579
15 11.6513 0 677
3 11.6548 0 627
18 11.6575 0 606
9 11.6593 0 599
12 11.6634 0 652
0 11.6881 0 637
21 11.6903 0 585
15 11.7497 0 670
3 11.7537 0 615
18 11.756 0 605
9 11.7581 0 592
12 11.762 0 645
6 11.7643 0 616
0 11.7869 0 635
21 11.7887 0 591
15 11.848 0 665
3 11.8527 0 607
18 11.8551 0 600
9 11.8562 0 594
12 11.8602 0 637
6 11.8634 0 608
0 11.8857 0 627
21 11.888 0 591
15 11.9469 0 667
3 11.951 0 614
18 11.9533 0 595
9 11.9557 0 598
12 11.9597 0 630
6 11.9622 0 602
0 11.9836 0 619
21 11.9862 0 583
15 12.0458 0 669
3 12.0497 0 622
18 12.0526 0 591
9 12.054 0 600
12 12.0579 0 631
0 12.0829 0 612
21 12.0852 0 576
15 12.1446 0 668
3 12.1489 0 624
18 12.1506 0 591
9 12.153 0 595
12 12.1565 0 636
6 12.1596 0 609
0 12.1817 0 612
21 12.1838 0 569
15 12.2431 0 663
3 12.2478 0 614
18 12.2499 0 593
9 12.2519 0 590
12 12.2554 0 637
0 12.2799 0 616
21 12.2832 0 568
15 12.3419 0 656
3 12.3462 0 604
18 12.3485 0 594
9 12.3499 0 585
12 12.3538 0 633
6 12.3573 0 605
0 12.3791 0 619
21 12.3817 0 572
15 12.4412 0 650
3 12.445 0 595
18 12.4477 0 591
9 12.4493 0 580
12 12.4526 0 627
6 12.4558 0 599
0 12.4782 0 614
21 12.4806 0 575
15 12.5398 0 647
3 12.5437 0 591
18 12.5461 0 587
9 12.5479 0 582
12 12.5516 0 620
6 12.5545 0 593
0 12.5762 0 607
21 12.5787 0 572
15 12.6381 0 652
3 12.6421 0 600
18 12.6448 0 585
9 12.6468 0 587
12 12.6506 0 617
6 12.6528 0 591
0 12.675 0 605
21 12.6779 0 571
15 12.7374 0 660
3 12.7414 0 613
18 12.7439 0 585
9 12.7457 0 591
12 12.7489 0 624
6 12.7522 0 598
0 12.7736 0 604
21 12.7762 0 568
15 12.8352 0 662
3 12.8403 0 616
18 12.8426 0 588
9 12.8438 0 591
12 12.8477 0 632
6 12.8511 0 606
0 12.8722 0 611
21 12.8753 0 567
15 12.9342 0 664
3 12.9382 0 616
18 12.9411 0 593
9 12.9425 0 591
12 12.9469 0 638
0 12.9714 0 620
21 12.974 0 571
15 13.0331 0 663
3 13.0376 0 611
18 13.0392 0 599
9 13.0419 0 589
12 13.0457 0 638
6 13.0486 0 611
0 13.0699 0 629
21 13.0722 0 581
15 13.1314 0 661
3 13.1364 0 606
18 13.1382 0 600
9 13.1403 0 589
12 13.1438 0 637
6 13.1464 0 609
0 13.1688 0 628
21 13.1711 0 590
15 13.2302 0 665
3 13.2349 0 609
18 13.2375 0 599
9 13.2394 0 596
12 13.2424 0 634
6 13.2458 0 606
0 13.2671 0 625
21 13.2696 0 591
15 13.3293 0 675
3 13.3338 0 626
18 13.3355 0 598
9 13.3377 0 605
12 13.3412 0 635
6 13.3444 0 608
0 13.3668 0 622
21 13.3686 0 588
15 13.4282 0 683
3 13.4317 0 640
18 13.4347 0 597
9 13.4364 0 609
12 13.4399 0 644
6 13.4433 0 617
0 13.4649 0 622
21 13.4681 0 584
15 13.5263 0 683
3 13.5309 0 640
18 13.5336 0 603
9 13.5348 0 607
12 13.5388 0 654
6 13.5415 0 627
0 13.5634 0 632
21 13.5659 0 581
15 13.6258 0 682
3 13.6294 0 634
18 13.6318 0 611
9 13.634 0 605
6 13.6405 0 629
0 13.6627 0 644
21 13.6655 0 592
15 13.7241 0 690
3 13.7281 0 627
18 13.7312 0 615
9 13.7326 0 602
6 13.7397 0 627
0 13.7607 0 647
21 13.7641 0 605
15 13.8228 0 695
3 13.8272 0 624
18 13.83 0 613
9 13.8308 0 608
12 13.8351 0 653
6 13.8379 0 624
0 13.8596 0 644
21 13.863 0 610
15 13.9223 0 693
3 13.9259 0 639
18 13.9282 0 611
9 13.9295 0 617
12 13.9341 0 650
6 13.9367 0 621
0 13.9584 0 640
21 13.9617 0 606
15 14.0212 0 692
3 14.025 0 656
18 14.0267 0 609
9 14.0285 0 626
6 14.0356 0 629
0 14.0571 0 636
21 14.0603 0 601
15 14.1194 0 690
3 14.1228 0 665
18 14.1257 0 613
9 14.128 0 625
12 14.1316 0 668
6 14.1343 0 640
0 14.1557 0 645
21 14.1591 0 596
15 14.2186 0 692
3 14.2219 0 659
18 14.2241 0 620
9 14.2263 0 622
12 14.2306 0 676
6 14.2332 0 648
0 14.2552 0 657
21 14.258 0 601
15 14.3164 0 701
3 14.321 0 652
18 14.3237 0 628
9 14.3246 0 619
12 14.3284 0 675
6 14.3312 0 647
0 14.3541 0 667
21 14.3563 0 614
15 14.416 0 711
3 14.4191 0 643
18 14.4224 0 629
9 14.424 0 617
12 14.4279 0 672
6 14.43 0 643
0 14.4524 0 666
21 14.4552 0 627
15 14.5147 0 713
3 14.5183 0 644
18 14.5202 0 627
9 14.5223 0 625
12 14.5264 0 668
6 14.5287 0 639
0 14.5508 0 662
21 14.5535 0 629
15 14.613 0 711
3 14.6172 0 664
18 14.6199 0 623
9 14.6212 0 637
12 14.6252 0 666
6 14.628 0 637
0 14.6497 0 655
21 14.652 0 622
15 14.7118 0 707
3 14.716 0 682
18 14.718 0 620
9 14.7201 0 642
12 14.7237 0 676
0 14.7487 0 653
21 14.7513 0 615
15 14.8104 0 704
3 14.8145 0 683
18 14.8164 0 626
9 14.8188 0 640
12 14.8221 0 687
0 14.8467 0 665
21 14.8495 0 609
15 14.9091 0 711
3 14.9134 0 676
18 14.9159 0 635
9 14.9171 0 636
12 14.9207 0 692
6 14.9239 0 665
0 14.9456 0 679
21 14.9483 0 619
15 15.0077 0 721
3 15.0119 0 666
18 15.0144 0 643
9 15.0165 0 631
12 15.0204 0 689
6 15.0227 0 661
0 15.0443 0 686
21 15.0474 0 637
15 15.1066 0 730
3 15.1106 0 657
18 15.1134 0 641
9 15.1146 0 632
12 15.1186 0 685
6 15.121 0 656
0 15.1437 0 682
21 15.1455 0 649
15 15.2051 0 729
3 15.2096 0 670
18 15.212 0 638
9 15.2138 0 645
12 15.2176 0 680
6 15.22 0 651
0 15.2416 0 675
21 15.2451 0 644
15 15.3041 0 726
3 15.3081 0 691
18 15.3111 0 634
9 15.3127 0 657
12 15.3167 0 685
6 15.3185 0 655
0 15.3412 0 669
21 15.3441 0 636
15 15.4026 0 722
3 15.4069 0 705
18 15.4095 0 632
9 15.4115 0 659
12 15.4153 0 695
6 15.4182 0 667
0 15.4395 0 672
21 15.4421 0 628
15 15.5019 0 721
3 15.5063 0 701
18 15.5078 0 642
9 15.5095 0 654
12 15.514 0 707
6 15.5168 0 680
0 15.5381 0 687
21 15.541 0 624
15 15.5999 0 730
3 15.6043 0 692
18 15.6068 0 652
9 15.6081 0 649
12 15.6119 0 708
6 15.6147 0 681
0 15.6369 0 701
21 15.6402 0 640
15 15.6988 0 740
3 15.7031 0 680
18 15.7056 0 657
9 15.7073 0 643
12 15.7111 0 703
0 15.7356 0 703
21 15.7385 0 659
15 15.7981 0 746
3 15.802 0 672
18 15.8046 0 655
9 15.8055 0 648
12 15.8102 0 699
6 15.8131 0 670
0 15.8345 0 698
15 15.8961 0 744
3 15.9 0 690
18 15.9024 0 650
9 15.9042 0 662
12 15.9083 0 693
6 15.9116 0 664
0 15.9336 0 690
21 15.9363 0 660
15 15.9948 0 740
3 15.9996 0 712
18 16.0018 0 645
9 16.0033 0 675
12 16.0078 0 701
6 16.01 0 672
0 16.0324 0 683
21 16.0351 0 651
15 16.0943 0 737
3 16.0982 0 726
18 16.1005 0 646
9 16.1017 0 675
12 16.1061 0 714
6 16.1088 0 686
0 16.1304 0 690
21 16.1332 0 642
15 16.1924 0 736
3 16.1961 0 718
18 16.1996 0 656
9 16.2005 0 669
12 16.205 0 724
6 16.2074 0 698
0 16.2294 0 706
21 16.232 0 641
15 16.292 0 747
3 16.2952 0 706
18 16.2983 0 667
9 16.2991 0 663
12 16.3036 0 722
6 16.3057 0 697
0 16.3285 0 720
21 16.3313 0 660
15 16.3901 0 758
3 16.394 0 694
18 16.3965 0 671
9 16.3985 0 657
12 16.4026 0 717
6 16.4045 0 690
0 16.427 0 717
21 16.4295 0 679
15 16.4893 0 761
3 16.4928 0 691
18 16.4955 0 667
9 16.4975 0 666
12 16.5009 0 711
6 16.5041 0 683
0 16.5262 0 710
21 16.5278 0 682
15 16.5875 0 757
3 16.5917 0 715
18 16.5936 0 660
9 16.5955 0 682
12 16.5992 0 708
6 16.6027 0 678
0 16.625 0 701
21 16.6275 0 672
15 16.6863 0 752
3 16.6907 0 738
18 16.6928 0 655
9 16.6943 0 693
12 16.6983 0 721
6 16.7007 0 693
0 16.7233 0 698
21 16.7259 0 660
15 16.7852 0 748
3 16.7892 0 739
18 16.7913 0 663
9 16.7937 0 688
12 16.797 0 736
6 16.7996 0 709
0 16.8221 0 716
21 16.8248 0 650
15 16.8836 0 757
3 16.8879 0 726
18 16.8907 0 676
9 16.8921 0 679
12 16.8961 0 738
0 16.9201 0 732
21 16.9235 0 668
15 16.9831 0 766
3 16.9861 0 714
18 16.9887 0 685
9 16.9904 0 672
12 16.9941 0 733
6 16.997 0 708
0 17.0193 0 735
21 17.022 0 687
15 17.082 0 774
3 17.085 0 703
18 17.0873 0 683
9 17.0891 0 672
12 17.0933 0 727
6 17.0962 0 701
0 17.1182 0 729
21 17.1207 0 701
15 17.1802 0 772
3 17.1841 0 716
18 17.1863 0 677
9 17.1879 0 688
12 17.1926 0 721
6 17.1948 0 693
0 17.2171 0 721
21 17.2196 0 694
15 17.279 0 768
3 17.2822 0 741
18 17.2848 0 670
9 17.2864 0 704
12 17.291 0 727
6 17.2936 0 697
0 17.3159 0 712
21 17.3186 0 683
15 17.3773 0 764
3 17.3819 0 760
18 17.3834 0 668
9 17.3851 0 707
12 17.3899 0 742
6 17.392 0 714
0 17.4146 0 720
21 17.417 0 671
15 17.4764 0 763
3 17.4798 0 752
18 17.4828 0 680
9 17.4845 0 700
12 17.488 0 755
6 17.491 0 730
0 17.5132 0 739
21 17.5161 0 670
15 17.5755 0 775
3 17.5785 0 738
18 17.581 0 695
9 17.5827 0 692
12 17.5874 0 751
6 17.5896 0 728
0 17.6124 0 754
21 17.6143 0 694
15 17.6739 0 786
3 17.6781 0 724
18 17.6802 0 698
9 17.6817 0 683
12 17.6859 0 743
6 17.6884 0 719
0 17.7107 0 749
21 17.7129 0 712
15 17.773 0 788
3 17.7764 0 720
18 17.7784 0 693
9 17.7811 0 694
12 17.7844 0 736
6 17.7877 0 710
0 17.8089 0 740
21 17.8118 0 716
15 17.8718 0 784
3 17.8755 0 746
18 17.8785 0 685
9 17.879 0 712
12 17.8832 0 734
6 17.8862 0 703
0 17.9078 0 730
21 17.9105 0 704
15 17.9705 0 778
3 17.9739 0 769
18 17.9764 0 678
9 17.9779 0 724
12 17.9823 0 749
0 18.0067 0 727
21 18.0095 0 690
15 18.0687 0 774
3 18.0729 0 772
18 18.075 0 686
9 18.0773 0 720
12 18.0812 0 764
6 18.0835 0 737
0 18.1052 0 746
21 18.1085 0 678
15 18.168 0 782
3 18.1711 0 761
18 18.1741 0 701
9 18.1755 0 711
12 18.1799 0 767
6 18.1827 0 745
0 18.2044 0 764
21 18.2073 0 696
15 18.2665 0 794
3 18.2702 0 746
18 18.2728 0 714
9 18.2739 0 702
12 18.2778 0 761
6 18.2805 0 738
0 18.3025 0 768
21 18.3057 0 720
15 18.3646 0 802
3 18.3688 0 735
18 18.3708 0 712
9 18.373 0 698
12 18.3768 0 755
0 18.4019 0 761
21 18.4047 0 735
15 18.4642 0 800
3 18.4675 0 742
18 18.4696 0 704
9 18.4722 0 714
12 18.4762 0 746
6 18.4788 0 721
0 18.5006 0 751
21 18.5026 0 729
15 18.5625 0 795
3 18.5667 0 767
18 18.5687 0 697
9 18.5702 0 730
12 18.5745 0 750
6 18.5773 0 719
0 18.5994 0 743
21 18.6021 0 718
15 18.6612 0 791
3 18.6652 0 785
18 18.6678 0 691
9 18.669 0 741
12 18.6729 0 764
6 18.6762 0 734
0 18.6974 0 742
21 18.7001 0 706
15 18.76 0 787
3 18.7635 0 790
18 18.7661 0 697
9 18.7678 0 737
12 18.772 0 778
0 18.7963 0 760
21 18.7992 0 695
15 18.8582 0 794
3 18.8623 0 778
18 18.865 0 714
9 18.8661 0 728
12 18.8705 0 783
6 18.8733 0 762
0 18.895 0 779
21 18.8977 0 710
15 18.9577 0 806
3 18.9612 0 764
18 18.9633 0 728
9 18.965 0 719
12 18.9696 0 776
6 18.9725 0 755
0 18.9937 0 784
21 18.9965 0 732
15 19.0564 0 816
3 19.0595 0 750
18 19.0627 0 726
9 19.0641 0 712
12 19.0682 0 768
6 19.0709 0 746
0 19.0927 0 776
21 19.0956 0 751
15 19.1546 0 813
3 19.1584 0 757
18 19.161 0 718
9 19.1628 0 729
12 19.1668 0 759
6 19.1692 0 735
0 19.1911 0 764
21 19.1938 0 743
15 19.2541 0 807
3 19.2579 0 784
18 19.26 0 709
9 19.2615 0 747
12 19.2653 0 764
6 19.268 0 733
0 19.2904 0 754
21 19.2933 0 730
15 19.352 0 801
3 19.3566 0 805
18 19.3585 0 702
9 19.3605 0 756
12 19.3643 0 783
6 19.3671 0 754
0 19.3893 0 761
21 19.392 0 715
15 19.4505 0 799
3 19.4552 0 799
18 19.4574 0 716
9 19.4586 0 748
12 19.4628 0 797
6 19.4658 0 772
0 19.4878 0 782
21 19.4907 0 708
15 19.5502 0 810
3 19.5537 0 785
18 19.5557 0 734
9 19.5576 0 738
12 19.5614 0 792
6 19.5641 0 773
0 19.5869 0 799
21 19.5891 0 735
15 19.6487 0 822
3 19.6522 0 769
18 19.6546 0 742
9 19.6562 0 727
12 19.6608 0 784
6 19.6629 0 764
0 19.6853 0 794
21 19.6882 0 756
15 19.747 0 826
3 19.751 0 758
18 19.7531 0 737
9 19.7553 0 729
12 19.7595 0 778
6 19.7624 0 756
0 19.7844 0 786
21 19.7865 0 766
15 19.8459 0 822
3 19.8493 0 778
18 19.852 0 728
9 19.8542 0 749
6 19.8602 0 745
0 19.8829 0 774
21 19.8853 0 755
15 19.9447 0 815
3 19.949 0 804
18 19.9506 0 717
9 19.9528 0 766
12 19.9564 0 782
6 19.9593 0 751
0 19.9813 0 764
21 19.9841 0 739
15 20.0436 0 810
3 20.0468 0 818
18 20.0494 0 715
9 20.0513 0 768
12 20.0554 0 800
6 20.058 0 773
0 20.0799 0 782
21 20.0824 0 723
15 20.142 0 813
3 20.1457 0 806
18 20.1481 0 734
9 20.1497 0 758
12 20.1545 0 808
6 20.1565 0 789
0 20.1786 0 803
21 20.1813 0 731
15 20.2405 0 825
3 20.245 0 792
18 20.2469 0 750
9 20.2486 0 747
12 20.2534 0 801
6 20.2555 0 783
0 20.2779 0 811
21 20.2803 0 756
15 20.3391 0 835
3 20.3439 0 779
18 20.3458 0 753
9 20.3481 0 738
6 20.3547 0 774
0 20.3763 0 804
21 20.3786 0 776
15 20.4384 0 835
3 20.4426 0 774
18 20.4441 0 745
9 20.4466 0 749
12 20.4502 0 783
6 20.453 0 762
0 20.4749 0 792
21 20.4776 0 776
15 20.5367 0 830
3 20.541 0 802
18 20.5431 0 735
9 20.5456 0 769
6 20.5521 0 753
0 20.5741 0 782
21 20.5764 0 763
15 20.6359 0 824
3 20.6395 0 825
18 20.6421 0 725
9 20.6443 0 785
6 20.6501 0 771
0 20.6722 0 781
21 20.6747 0 746
15 20.7345 0 817
3 20.7389 0 826
18 20.7404 0 733
9 20.7423 0 778
12 20.746 0 816
6 20.7497 0 790
0 20.7708 0 802
21 20.7739 0 731
15 20.8338 0 826
3 20.837 0 815
18 20.8397 0 749
9 20.8411 0 768
12 20.8455 0 817
6 20.8477 0 800
0 20.8698 0 820
21 20.8729 0 750
15 20.932 0 838
3 20.9357 0 801
18 20.938 0 764
9 20.9403 0 758
12 20.944 0 810
6 20.9468 0 793
0 20.9692 0 822
21 20.9717 0 775
15 21.0312 0 847
3 21.0355 0 786
18 21.0372 0 764
9 21.0388 0 748
12 21.043 0 800
6 21.045 0 782
0 21.0679 0 812
21 21.0702 0 794
15 21.1289 0 844
3 21.1332 0 791
18 21.1361 0 755
9 21.1379 0 765
12 21.1412 0 791
6 21.1439 0 771
0 21.1657 0 801
21 21.1687 0 786
15 21.2286 0 838
3 21.2324 0 820
18 21.2342 0 743
9 21.2363 0 786
6 21.2433 0 766
0 21.2644 0 789
21 21.2672 0 770
15 21.3268 0 832
3 21.3307 0 839
18 21.3329 0 734
9 21.3345 0 797
12 21.3391 0 816
6 21.3415 0 786
0 21.364 0 797
21 21.3668 0 755
15 21.4258 0 827
3 21.4299 0 835
18 21.4322 0 746
9 21.4335 0 788
12 21.4381 0 829
6 21.4403 0 805
0 21.4622 0 818
21 21.4655 0 743
15 21.524 0 838
3 21.5277 0 822
18 21.531 0 764
9 21.5324 0 777
12 21.5362 0 826
6 21.5393 0 811
0 21.5606 0 833
21 21.5635 0 767
15 21.6227 0 849
3 21.6272 0 807
18 21.6293 0 778
9 21.6306 0 767
12 21.6353 0 817
6 21.6377 0 801
0 21.6597 0 829
21 21.6628 0 792
15 21.7217 0 856
3 21.7262 0 793
18 21.7284 0 773
9 21.7296 0 760
12 21.7338 0 807
6 21.7361 0 790
0 21.7585 0 818
21 21.7607 0 804
15 21.8201 0 851
3 21.8244 0 811
18 21.8264 0 761
9 21.8283 0 782
12 21.8321 0 798
6 21.8353 0 777
0 21.8573 0 806
21 21.8601 0 791
15 21.9191 0 844
3 21.9229 0 836
18 21.9254 0 750
9 21.9273 0 801
12 21.9309 0 814
6 21.9341 0 781
0 21.9564 0 796
21 21.9588 0 777
15 22.0176 0 838
3 22.0213 0 851
18 22.0248 0 743
9 22.0267 0 807
12 22.0296 0 829
6 22.0326 0 800
0 22.0547 0 811
21 22.0571 0 761
15 22.1173 0 836
3 22.1204 0 844
18 22.1228 0 757
9 22.1248 0 799
12 22.1285 0 840
6 22.131 0 817
0 22.1531 0 830
21 22.1566 0 755
15 22.2154 0 848
3 22.2194 0 828
18 22.2215 0 777
9 22.2232 0 785
12 22.2274 0 832
6 22.2305 0 819
0 22.252 0 843
21 22.2552 0 784
15 22.3145 0 859
3 22.3186 0 813
18 22.321 0 788
9 22.3224 0 775
12 22.3259 0 823
6 22.3286 0 809
0 22.3505 0 837
21 22.3535 0 804
15 22.413 0 863
3 22.4172 0 802
18 22.4198 0 783
9 22.4213 0 769
12 22.4254 0 816
6 22.4276 0 800
0 22.4496 0 828
21 22.4527 0 815
15 22.5119 0 859
3 22.5158 0 813
18 22.5183 0 773
9 22.52 0 788
12 22.5232 0 807
6 22.5268 0 789
0 22.5485 0 816
21 22.5511 0 804
15 22.6103 0 852
3 22.6145 0 841
18 22.6162 0 760
9 22.6181 0 808
12 22.6219 0 820
6 22.6253 0 787
0 22.6472 0 804
21 22.6499 0 788
15 22.7091 0 846
3 22.713 0 857
18 22.716 0 751
9 22.7168 0 817
12 22.7213 0 836
6 22.7233 0 806
0 22.746 0 818
21 22.7485 0 773
15 22.8084 0 843
3 22.8116 0 853
18 22.8145 0 763
9 22.8161 0 810
12 22.8199 0 848
6 22.8227 0 824
0 22.8446 0 837
21 22.8477 0 762
15 22.9066 0 853
3 22.9101 0 837
18 22.9128 0 781
9 22.915 0 796
12 22.9187 0 840
6 22.9212 0 827
0 22.9433 0 850
21 22.9458 0 788
15 23.0054 0 862
3 23.0095 0 819
18 23.0113 0 793
9 23.0134 0 781
12 23.0175 0 828
6 23.0202 0 815
0 23.0424 0 840
21 23.0445 0 809
15 23.1041 0 865
3 23.1084 0 801
18 23.1106 0 784
9 23.1122 0 772
12 23.1161 0 816
0 23.1404 0 827
21 23.1437 0 815
15 23.2032 0 857
3 23.2065 0 820
18 23.209 0 769
9 23.2108 0 792
12 23.2146 0 807
6 23.2179 0 784
0 23.2396 0 811
21 23.2419 0 798
15 23.3019 0 848
3 23.3058 0 842
18 23.3078 0 756
9 23.3101 0 807
12 23.3137 0 821
6 23.3165 0 786
0 23.3379 0 800
21 23.341 0 780
15 23.4008 0 839
3 23.4037 0 853
18 23.4062 0 746
9 23.4086 0 809
12 23.412 0 835
6 23.4153 0 806
0 23.4368 0 819
21 23.4398 0 759
15 23.4986 0 840
3 23.5025 0 839
18 23.5054 0 762
9 23.5065 0 796
12 23.5111 0 838
6 23.5143 0 821
0 23.5358 0 836
21 23.538 0 763
15 23.5981 0 849
3 23.6019 0 823
18 23.6045 0 777
9 23.6056 0 782
12 23.6095 0 829
6 23.613 0 816
0 23.6346 0 839
21 23.6373 0 786
15 23.6967 0 858
3 23.7 0 804
18 23.7027 0 782
9 23.7046 0 767
12 23.7086 0 815
6 23.7113 0 801
0 23.733 0 827
21 23.7364 0 805
15 23.7954 0 854
3 23.799 0 796
18 23.8014 0 769
9 23.8033 0 770
12 23.8078 0 802
6 23.8096 0 785
0 23.8323 0 811
21 23.835 0 799
15 23.8942 0 847
3 23.8981 0 817
18 23.9009 0 757
9 23.9022 0 786
12 23.9062 0 802
6 23.9087 0 773
0 23.9302 0 799
21 23.9335 0 783
15 23.993 0 839
3 23.9962 0 835
18 23.9993 0 745
9 24.0004 0 798
12 24.0047 0 815
0 24.0296 0 794
21 24.0319 0 766
15 24.0911 0 830
3 24.0957 0 842
18 24.0982 0 739
9 24.1 0 797
12 24.1035 0 828
0 24.1283 0 814
21 24.1306 0 746
15 24.1903 0 833
3 24.1938 0 827
18 24.1966 0 755
9 24.1981 0 783
12 24.2017 0 827
6 24.2052 0 812
0 24.2273 0 828
21 24.2292 0 754
15 24.2894 0 843
3 24.2926 0 811
18 24.2953 0 774
9 24.2966 0 770
12 24.3013 0 817
6 24.3032 0 804
0 24.3259 0 829
21 24.3281 0 778
15 24.3881 0 850
3 24.392 0 791
18 24.394 0 770
9 24.3954 0 754
12 24.3992 0 804
6 24.4028 0 789
0 24.4241 0 815
21 24.427 0 796
15 24.4862 0 846
3 24.4905 0 784
18 24.4927 0 760
9 24.4949 0 758
12 24.4982 0 793
6 24.5008 0 776
0 24.5239 0 802
21 24.5253 0 788
15 24.5851 0 837
3 24.5889 0 809
18 24.5914 0 746
9 24.5934 0 775
12 24.5973 0 794
6 24.6001 0 762
0 24.6216 0 787
21 24.6244 0 770
15 24.6838 0 828
3 24.6875 0 829
18 24.6903 0 732
9 24.6915 0 789
12 24.6958 0 810
6 24.6988 0 775
0 24.7208 0 789
21 24.7227 0 750
15 24.7823 0 819
3 24.7861 0 829
18 24.7891 0 732
9 24.7907 0 782
12 24.7951 0 821
0 24.8192 0 808
21 24.8222 0 732
15 24.8813 0 827
3 24.8849 0 811
18 24.8877 0 748
9 24.8892 0 767
12 24.8939 0 814
0 24.9181 0 821
21 24.921 0 752
15 24.9797 0 837
3 24.9835 0 792
18 24.9869 0 761
9 24.9878 0 752
12 24.9923 0 801
6 24.9948 0 787
0 25.0171 0 812
21 25.0198 0 774
15 25.0791 0 840
3 25.0831 0 774
18 25.085 0 755
9 25.0864 0 740
12 25.0912 0 789
6 25.0941 0 773
0 25.1153 0 798
21 25.1177 0 782
15 25.1779 0 832
3 25.1816 0 789
18 25.1843 0 742
9 25.1858 0 756
12 25.1902 0 780
6 25.1924 0 757
0 25.2145 0 784
21 25.2173 0 768
15 25.2766 0 824
3 25.2801 0 808
18 25.2831 0 730
9 25.2839 0 770
12 25.2879 0 791
6 25.2908 0 753
0 25.3128 0 771
21 25.3153 0 750
15 25.3751 0 816
3 25.3785 0 822
18 25.3811 0 719
9 25.3833 0 778
12 25.3873 0 802
0 25.4121 0 783
21 25.4139 0 732
15 25.4736 0 811
3 25.4779 0 814
18 25.4798 0 725
9 25.482 0 767
12 25.486 0 809
0 25.5107 0 799
21 25.5126 0 721
15 25.5728 0 819
3 25.5767 0 797
18 25.5787 0 739
9 25.5803 0 753
12 25.5848 0 801
6 25.5868 0 786
0 25.609 0 808
21 25.612 0 741
15 25.6717 0 826
3 25.675 0 780
18 25.6774 0 749
9 25.6789 0 740
12 25.6833 0 790
6 25.6857 0 775
0 25.7083 0 798
21 25.711 0 759
15 25.7699 0 829
3 25.7735 0 762
18 25.7765 0 744
9 25.7782 0 728
12 25.7816 0 779
6 25.7852 0 763
0 25.8063 0 786
21 25.8094 0 769
15 25.8683 0 823
3 25.8721 0 769
18 25.8751 0 733
9 25.877 0 738
12 25.881 0 769
6 25.8832 0 750
0 25.905 0 772
21 25.9084 0 755
15 25.9677 0 815
3 25.9718 0 790
18 25.9737 0 721
9 25.9749 0 752
12 25.979 0 777
6 25.9825 0 739
0 26.0045 0 759
21 26.007 0 738
15 26.0658 0 805
3 26.0705 0 807
18 26.0729 0 709
9 26.0746 0 763
12 26.0781 0 790
6 26.0807 0 753
0 26.1034 0 768
21 26.1052 0 720
15 26.1649 0 799
3 26.1688 0 802
18 26.1715 0 711
9 26.1726 0 754
12 26.1764 0 798
6 26.1794 0 768
0 26.202 0 784
21 26.2039 0 707
15 26.2641 0 808
3 26.2675 0 783
18 26.2703 0 726
9 26.272 0 739
12 26.2759 0 788
6 26.2778 0 772
0 26.3005 0 794
21 26.3034 0 727
15 26.3619 0 815
3 26.366 0 765
18 26.3682 0 735
9 26.3706 0 726
12 26.3747 0 777
6 26.3769 0 761
0 26.3989 0 784
21 26.4021 0 745
15 26.4615 0 817
3 26.4648 0 749
18 26.4677 0 731
9 26.4692 0 715
12 26.4734 0 766
0 26.4979 0 773
21 26.5008 0 753
15 26.5595 0 811
3 26.5638 0 753
18 26.5655 0 721
9 26.5681 0 722
12 26.5717 0 757
6 26.5741 0 738
0 26.5961 0 760
21 26.5991 0 742
15 26.6583 0 803
3 26.6626 0 773
18 26.6651 0 710
9 26.6664 0 719
12 26.6705 0 763
6 26.6732 0 726
0 26.6956 0 746
21 26.6978 0 724
15 26.7575 0 794
3 26.7615 0 791
18 26.7631 0 698
9 26.7651 0 734
12 26.7698 0 777
6 26.7721 0 738
0 26.794 0 755
21 26.7971 0 705
15 26.856 0 788
3 26.86 0 787
18 26.8624 0 699
9 26.8639 0 745
12 26.8679 0 784
6 26.8705 0 753
0 26.8928 0 771
21 26.8957 0 693
15 26.9547 0 795
3 26.9584 0 769
18 26.9609 0 711
9 26.9627 0 736
12 26.9667 0 758
0 26.9919 0 780
21 26.9943 0 710
15 27.0534 0 802
3 27.0578 0 753
18 27.0601 0 720
9 27.0612 0 724
12 27.0654 0 747
6 27.0682 0 748
0 27.0902 0 770
21 27.0932 0 729
15 27.1527 0 804
3 27.1557 0 735
18 27.1579 0 716
9 27.1602 0 710
12 27.1647 0 756
6 27.1667 0 735
0 27.1891 0 756
21 27.192 0 736
15 27.2514 0 798
3 27.2552 0 737
18 27.2568 0 707
9 27.2588 0 699
12 27.2628 0 765
6 27.266 0 723
0 27.2871 0 745
21 27.2904 0 725
15 27.3492 0 790
3 27.3534 0 758
18 27.3559 0 697
9 27.3577 0 704
12 27.3617 0 774
6 27.3644 0 713
0 27.3861 0 732
21 27.3894 0 710
15 27.4485 0 782
3 27.4526 0 774
18 27.4549 0 686
9 27.456 0 717
12 27.4609 0 767
6 27.4628 0 723
0 27.485 0 740
21 27.4883 0 692
15 27.5472 0 775
3 27.5506 0 774
18 27.5534 0 683
9 27.5551 0 725
12 27.5594 0 757
6 27.5623 0 732
0 27.5841 0 750
21 27.5867 0 680
15 27.6459 0 779
3 27.6498 0 760
18 27.6526 0 692
9 27.6535 0 723
12 27.6585 0 746
0 27.683 0 761
21 27.6855 0 687
15 27.7441 0 786
3 27.7489 0 744
18 27.7505 0 701
9 27.7519 0 713
12 27.7568 0 736
6 27.7596 0 737
0 27.7817 0 757
21 27.7839 0 706
15 27.8431 0 792
3 27.8467 0 727
18 27.85 0 705
9 27.8514 0 701
12 27.8554 0 738
6 27.8583 0 725
0 27.8803 0 745
21 27.8826 0 719
15 27.9421 0 787
3 27.9454 0 718
18 27.9486 0 697
9 27.9499 0 688
12 27.9541 0 748
6 27.9563 0 712
0 27.9791 0 732
21 27.9815 0 711
15 28.0409 0 779
3 28.045 0 736
18 28.0468 0 687
9 28.0482 0 686
12 28.0535 0 757
6 28.0558 0 702
0 28.0779 0 720
21 28.0806 0 697
15 28.1392 0 771
3 28.1434 0 754
18 28.1458 0 678
9 28.1474 0 697
12 28.1522 0 754
6 28.1543 0 704
0 28.1766 0 721
21 28.1793 0 681
15 28.2378 0 762
3 28.2417 0 759
18 28.2447 0 671
9 28.2456 0 709
12 28.2502 0 744
6 28.2531 0 717
0 28.275 0 735
21 28.2772 0 665
15 28.3365 0 766
3 28.3411 0 745
18 28.3433 0 679
9 28.345 0 708
12 28.3496 0 733
6 28.3519 0 728
0 28.3732 0 746
21 28.3766 0 674
15 28.4352 0 773
3 28.4398 0 727
18 28.4417 0 688
9 28.4434 0 697
12 28.448 0 722
6 28.4502 0 721
0 28.4722 0 739
21 28.4753 0 690
15 28.5349 0 777
3 28.5385 0 708
18 28.5411 0 689
9 28.5427 0 684
12 28.5472 0 727
6 28.5491 0 708
0 28.5713 0 726
21 28.5742 0 702
15 28.633 0 771
3 28.6367 0 706
18 28.6399 0 681
9 28.6411 0 672
12 28.6453 0 737
6 28.6476 0 696
0 28.67 0 713
21 28.6729 0 690
15 28.7315 0 762
3 28.7357 0 725
18 28.7378 0 671
9 28.7393 0 674
12 28.7442 0 743
6 28.7468 0 685
0 28.7689 0 701
21 28.7718 0 674
15 28.8303 0 754
3 28.8346 0 743
18 28.8367 0 661
9 28.8385 0 687
12 28.8426 0 735
6 28.8452 0 696
0 28.8678 0 713
21 28.8696 0 659
15 28.9299 0 749
3 28.9331 0 737
18 28.936 0 662
9 28.9368 0 696
12 28.942 0 725
0 28.9657 0 724
21 28.969 0 651
15 29.028 0 753
3 29.0322 0 724
18 29.0344 0 668
9 29.0357 0 690
12 29.0406 0 716
6 29.0428 0 711
0 29.0648 0 729
21 29.0674 0 661
15 29.127 0 759
3 29.1312 0 708
18 29.1336 0 675
9 29.1351 0 679
12 29.1392 0 707
6 29.1417 0 703
0 29.1636 0 721
21 29.1658 0 676
15 29.226 0 762
3 29.2289 0 691
18 29.232 0 675
9 29.2339 0 668
12 29.2381 0 715
6 29.2405 0 692
0 29.2624 0 709
21 29.2651 0 683
15 29.3249 0 755
3 29.3281 0 692
18 29.331 0 667
9 29.3324 0 658
12 29.3365 0 723
6 29.3389 0 681
0 29.3613 0 696
21 29.3639 0 672
15 29.4234 0 747
3 29.4269 0 709
18 29.4299 0 658
9 29.4309 0 660
12 29.4347 0 727
6 29.4374 0 672
0 29.4601 0 687
21 29.4628 0 658
15 29.5217 0 739
3 29.5261 0 723
18 29.5284 0 650
9 29.5301 0 669
12 29.5345 0 720
6 29.5366 0 679
0 29.5587 0 696
21 29.5607 0 645
15 29.6213 0 735
3 29.6244 0 720
18 29.6274 0 658
9 29.6283 0 679
12 29.6327 0 710
6 29.6355 0 690
0 29.6576 0 708
21 29.6604 0 637
15 29.7191 0 740
3 29.7229 0 704
18 29.726 0 665
9 29.7268 0 673
12 29.7316 0 701
6 29.7335 0 694
0 29.7556 0 712
21 29.7587 0 649
15 29.8184 0 745
3 29.8217 0 689
18 29.8245 0 663
9 29.8255 0 663
12 29.8303 0 695
6 29.833 0 687
0 29.8543 0 703
21 29.8571 0 663
15 29.9173 0 746
3 29.9203 0 673
18 29.9226 0 655
9 29.9241 0 653
12 29.9293 0 702
6 29.9311 0 676
0 29.9534 0 691
21 29.9564 0 666
15 30.016 0 739
3 30.0197 0 681
18 30.0214 0 647
9 30.0237 0 644
12 30.0273 0 710
6 30.0305 0 665
0 30.0518 0 679
21 30.0549 0 654
15 30.114 0 731
3 30.1182 0 697
18 30.1206 0 639
9 30.1225 0 649
12 30.1263 0 710
0 30.1514 0 676
21 30.1541 0 640
15 30.2129 0 723
3 30.217 0 708
18 30.2192 0 641
9 30.2207 0 658
12 30.2247 0 702
6 30.228 0 668
0 30.2499 0 685
21 30.2523 0 627
15 30.312 0 723
3 30.3155 0 697
18 30.3177 0 648
9 30.3196 0 662
12 30.3237 0 693
0 30.348 0 695
21 30.3513 0 628
15 30.4103 0 729
3 30.4144 0 683
18 30.4166 0 652
9 30.4187 0 655
12 30.4222 0 684
0 30.447 0 692
21 30.4494 0 641
15 30.5097 0 734
3 30.5128 0 667
18 30.5153 0 647
9 30.5174 0 645
12 30.5212 0 684
6 30.5236 0 667
0 30.5457 0 683
21 30.548 0 650
15 30.6083 0 729
3 30.6119 0 658
18 30.6137 0 640
9 30.6155 0 637
12 30.6196 0 691
6 30.623 0 658
0 30.6445 0 671
21 30.6474 0 645
15 30.7063 0 722
3 30.7106 0 672
18 30.7125 0 633
9 30.714 0 633
12 30.7193 0 697
6 30.7209 0 648
0 30.7433 0 660
21 30.7462 0 632
15 30.8057 0 713
3 30.8096 0 687
18 30.8121 0 628
9 30.8131 0 640
12 30.8174 0 691
6 30.8206 0 649
0 30.842 0 665
21 30.8444 0 620
15 30.9036 0 707
3 30.9081 0 687
18 30.9109 0 632
9 30.9115 0 646
12 30.9164 0 684
0 30.9406 0 673
21 30.943 0 610
15 31.0026 0 710
3 31.0068 0 675
18 31.0094 0 637
9 31.0104 0 645
12 31.0147 0 675
0 31.04 0 678
21 31.042 0 617
15 31.1012 0 714
3 31.1051 0 663
18 31.1079 0 639
9 31.1092 0 639
12 31.1134 0 669
0 31.1381 0 672
21 31.1409 0 626
15 31.2008 0 716
3 31.2044 0 648
18 31.2072 0 633
9 31.208 0 630
12 31.2127 0 672
0 31.2373 0 662
21 31.2395 0 632
15 31.2995 0 711
3 31.3029 0 644
18 31.3055 0 627
9 31.3065 0 622
12 31.3114 0 678
0 31.3357 0 653
21 31.3387 0 625
15 31.3973 0 704
3 31.4014 0 655
18 31.4039 0 621
9 31.406 0 620
12 31.4102 0 681
0 31.4341 0 644
21 31.4373 0 615
15 31.4965 0 696
3 31.5007 0 667
18 31.5026 0 617
9 31.5043 0 625
12 31.509 0 675
0 31.5329 0 649
21 31.5359 0 604
15 31.5955 0 691
3 31.5987 0 665
18 31.6019 0 621
9 31.6028 0 631
12 31.6075 0 666
0 31.6318 0 656
21 31.634 0 597
15 31.6938 0 693
3 31.6974 0 652
18 31.7 0 624
9 31.7019 0 628
12 31.7063 0 658
6 31.7085 0 645
0 31.7311 0 658
21 31.7333 0 604
15 31.7925 0 697
3 31.7964 0 638
18 31.7988 0 623
9 31.8001 0 620
12 31.805 0 653
6 31.8077 0 639
0 31.8295 0 651
21 31.8323 0 612
15 31.8913 0 696
3 31.895 0 627
18 31.8975 0 618
9 31.8995 0 613
12 31.904 0 658
6 31.9057 0 632
0 31.9285 0 642
21 31.9303 0 612
15 31.9898 0 690
3 31.9937 0 632
18 31.9963 0 612
9 31.9977 0 607
12 32.0026 0 663
6 32.0044 0 623
0 32.027 0 632
21 32.0293 0 603
15 32.0888 0 682
3 32.0926 0 643
18 32.0953 0 606
9 32.0968 0 609
12 32.1006 0 660
6 32.1038 0 620
0 32.1256 0 631
21 32.1286 0 593
15 32.1875 0 676
3 32.1919 0 647
18 32.1943 0 607
9 32.1952 0 613
12 32.1998 0 653
6 32.2022 0 623
0 32.2245 0 636
21 32.2266 0 585
15 32.2867 0 675
3 32.2898 0 638
18 32.2931 0 609
9 32.2938 0 614
12 32.2982 0 646
6 32.3009 0 627
0 32.323 0 641
21 32.3259 0 586
15 32.3854 0 676
3 32.3888 0 627
18 32.3909 0 611
9 32.3926 0 609
12 32.397 0 639
6 32.3998 0 625
0 32.4219 0 637
21 32.4246 0 592
15 32.4841 0 671
3 32.4877 0 615
18 32.4896 0 607
9 32.4918 0 603
12 32.4958 0 639
6 32.4984 0 619
0 32.5203 0 629
21 32.5227 0 597
15 32.5824 0 665
3 32.5859 0 609
18 32.5888 0 603
9 32.5898 0 598
12 32.5951 0 643
0 32.6197 0 623
21 32.622 0 593
15 32.6813 0 665
3 32.6847 0 616
18 32.6879 0 599
9 32.689 0 594
12 32.6938 0 645
6 32.6956 0 607
0 32.7176 0 615
21 32.7206 0 585
15 32.7801 0 667
3 32.7837 0 622
18 32.7861 0 595
9 32.7875 0 595
12 32.792 0 640
6 32.7945 0 605
0 32.8173 0 616
21 32.8194 0 579
15 32.8789 0 668
3 32.883 0 624
18 32.885 0 595
9 32.887 0 598
12 32.8912 0 635
6 32.8934 0 608
0 32.9151 0 620
21 32.9176 0 572
15 32.9779 0 664
3 32.9811 0 615
18 32.9842 0 597
9 32.985 0 598
12 32.9895 0 628
6 32.9926 0 610
0 33.0147 0 622
21 33.0168 0 574
15 33.0766 0 658
3 33.08 0 605
18 33.0829 0 598
9 33.0843 0 594
12 33.0881 0 623
6 33.0906 0 607
0 33.1135 0 617
21 33.1152 0 578
15 33.1757 0 655
3 33.1786 0 601
18 33.1817 0 598
9 33.183 0 592
12 33.1869 0 628
6 33.1895 0 607
0 33.2116 0 616
21 33.2145 0 585
15 33.2734 0 656
3 33.2776 0 602
18 33.2795 0 597
9 33.2818 0 591
12 33.2857 0 636
6 33.288 0 606
0 33.3102 0 614
21 33.313 0 584
15 33.3725 0 662
3 33.3762 0 615
18 33.3791 0 596
9 33.3801 0 593
12 33.3849 0 642
6 33.3873 0 604
0 33.4089 0 614
21 33.4118 0 582
15 33.4714 0 670
3 33.4752 0 628
18 33.4777 0 597
9 33.479 0 599
12 33.4831 0 642
6 33.4854 0 609
0 33.5075 0 622
21 33.5099 0 579
15 33.57 0 675
3 33.5736 0 632
18 33.5759 0 602
9 33.5777 0 606
12 33.5825 0 640
0 33.6065 0 630
21 33.6088 0 579
15 33.6685 0 675
3 33.6724 0 628
18 33.6749 0 606
9 33.6768 0 608
12 33.6813 0 638
6 33.6837 0 621
0 33.7053 0 636
21 33.7083 0 586
15 33.7676 0 675
3 33.7707 0 623
18 33.7735 0 610
9 33.7746 0 608
12 33.7791 0 638
6 33.782 0 620
0 33.8037 0 636
21 33.8067 0 596
15 33.8658 0 674
3 33.8698 0 619
18 33.8722 0 611
9 33.8738 0 607
12 33.8781 0 646
0 33.9032 0 634
21 33.9048 0 604
15 33.9651 0 675
3 33.9686 0 621
18 33.9714 0 610
9 33.9724 0 605
12 33.9769 0 654
0 34.0015 0 632
21 34.0044 0 604
15 34.0642 0 681
3 34.0674 0 640
18 34.0695 0 609
9 34.0716 0 606
12 34.076 0 661
6 34.0781 0 621
0 34.0999 0 630
21 34.1026 0 601
15 34.1629 0 690
3 34.1665 0 650
18 34.1689 0 608
9 34.1697 0 613
12 34.1745 0 661
6 34.1766 0 629
0 34.1995 0 638
21 34.2011 0 597
15 34.2616 0 697
3 34.2651 0 658
18 34.2671 0 614
9 34.2688 0 622
12 34.2729 0 660
6 34.2763 0 639
0 34.2979 0 650
21 34.2999 0 593
15 34.3595 0 697
3 34.3639 0 653
18 34.3661 0 621
9 34.3676 0 628
12 34.3723 0 656
6 34.3742 0 641
0 34.3969 0 657
21 34.3989 0 602
15 34.4584 0 696
3 34.4624 0 647
18 34.4653 0 626
9 34.4662 0 626
12 34.4702 0 655
6 34.4731 0 639
0 34.4947 0 657
21 34.4982 0 614
15 34.5576 0 695
3 34.5606 0 641
18 34.5639 0 626
9 34.5649 0 624
12 34.5691 0 663
0 34.5939 0 654
21 34.5967 0 625
15 34.6566 0 693
3 34.6598 0 640
18 34.6624 0 624
9 34.6638 0 621
12 34.6683 0 673
0 34.6929 0 650
21 34.6956 0 623
15 34.7546 0 700
3 34.758 0 656
18 34.7605 0 622
9 34.762 0 620
12 34.7668 0 680
0 34.7912 0 647
21 34.7943 0 619
15 34.8542 0 710
3 34.8567 0 674
18 34.8597 0 621
9 34.861 0 630
12 34.8656 0 679
0 34.89 0 658
21 34.8923 0 612
15 34.9523 0 717
3 34.956 0 680
18 34.9587 0 627
9 34.9595 0 640
0 34.989 0 670
21 34.9917 0 608
15 35.0517 0 711
3 35.0546 0 674
18 35.057 0 636
9 35.0589 0 645
12 35.0626 0 672
0 35.0878 0 677
21 35.0902 0 621
15 35.1504 0 708
3 35.1529 0 664
18 35.1555 0 641
9 35.1578 0 642
12 35.1621 0 672
6 35.1648 0 655
0 35.1865 0 673
21 35.1884 0 635
15 35.2483 0 708
3 35.2518 0 657
18 35.2542 0 640
9 35.2557 0 638
12 35.2605 0 682
6 35.2635 0 651
0 35.2849 0 668
21 35.2874 0 643
15 35.3475 0 717
3 35.3513 0 661
18 35.3529 0 637
9 35.3545 0 634
12 35.3599 0 693
0 35.3835 0 663
21 35.3867 0 638
15 35.4457 0 727
3 35.4497 0 680
18 35.4525 0 633
9 35.4537 0 636
12 35.4576 0 697
0 35.4826 0 664
21 35.4847 0 632
15 35.5452 0 731
3 35.5486 0 699
18 35.5511 0 634
9 35.5521 0 648
12 35.5569 0 694
0 35.5819 0 678
21 35.5842 0 624
15 35.644 0 729
3 35.6467 0 699
18 35.6495 0 642
9 35.6508 0 659
12 35.6551 0 690
0 35.6801 0 692
21 35.6827 0 625
15 35.7419 0 726
3 35.7457 0 692
18 35.748 0 651
9 35.7497 0 662
12 35.7547 0 686
0 35.7792 0 695
21 35.7808 0 640
15 35.8414 0 723
3 35.8442 0 681
18 35.847 0 656
9 35.8484 0 658
12 35.8525 0 689
0 35.8773 0 690
21 35.8799 0 655
15 35.94 0 724
3 35.9435 0 670
18 35.9458 0 652
9 35.9477 0 652
12 35.9513 0 699
0 35.9764 0 684
21 35.9792 0 661
15 36.0387 0 734
3 36.0423 0 680
18 36.0443 0 648
9 36.0462 0 647
12 36.0503 0 711
0 36.0754 0 677
21 36.0775 0 655
15 36.1377 0 744
3 36.1406 0 700
18 36.1432 0 644
9 36.1447 0 651
12 36.1492 0 713
0 36.1739 0 682
21 36.1767 0 646
15 36.2358 0 746
3 36.2393 0 719
18 36.2422 0 646
9 36.2434 0 664
12 36.2476 0 708
0 36.2728 0 698
21 36.2755 0 637
15 36.3354 0 744
3 36.338 0 716
18 36.3405 0 656
9 36.3425 0 676
12 36.3462 0 703
0 36.3709 0 712
21 36.3736 0 641
15 36.4337 0 740
3 36.4367 0 706
18 36.4394 0 666
9 36.4406 0 676
12 36.4458 0 698
0 36.4698 0 711
21 36.4724 0 659
15 36.5323 0 736
3 36.5354 0 694
18 36.5386 0 668
9 36.5394 0 670
12 36.5443 0 706
0 36.569 0 704
21 36.5717 0 677
15 36.6313 0 742
3 36.6345 0 685
18 36.637 0 664
9 36.6381 0 665
12 36.6427 0 718
0 36.6677 0 696
21 36.67 0 676
15 36.7295 0 751
3 36.7335 0 701
18 36.7359 0 659
9 36.7371 0 659
12 36.7417 0 728
0 36.7658 0 690
21 36.7689 0 668
15 36.8287 0 760
3 36.8316 0 720
18 36.8339 0 655
9 36.8359 0 665
12 36.8401 0 728
0 36.8645 0 697
21 36.8674 0 663
15 36.9269 0 762
3 36.9309 0 737
18 36.9332 0 657
9 36.9347 0 678
12 36.9388 0 724
0 36.9633 0 712
21 36.9661 0 654
15 37.0265 0 761
3 37.0292 0 737
18 37.0313 0 666
9 37.0331 0 690
12 37.0379 0 719
0 37.062 0 726
21 37.0647 0 652
15 37.1251 0 756
3 37.1276 0 726
18 37.1302 0 678
9 37.1317 0 694
12 37.1363 0 713
0 37.1609 0 729
21 37.1635 0 673
15 37.2235 0 751
3 37.2271 0 713
18 37.2288 0 683
9 37.2304 0 688
12 37.2353 0 718
0 37.2593 0 722
21 37.2626 0 692
15 37.3219 0 755
3 37.3254 0 702
18 37.328 0 679
9 37.33 0 682
12 37.3344 0 732
0 37.3585 0 714
21 37.3614 0 696
15 37.4214 0 764
3 37.4238 0 712
18 37.4265 0 674
9 37.4282 0 675
12 37.4326 0 742
0 37.4571 0 707
21 37.46 0 690
15 37.5195 0 773
3 37.5231 0 732
18 37.5254 0 669
9 37.5268 0 676
12 37.5309 0 744
0 37.5558 0 711
21 37.5586 0 679
15 37.6183 0 777
3 37.6218 0 753
18 37.6247 0 668
9 37.6259 0 692
12 37.6304 0 739
6 37.6325 0 714
0 37.6542 0 727
21 37.6576 0 669
15 37.7172 0 775
3 37.7204 0 754
18 37.7228 0 679
9 37.7242 0 707
12 37.7287 0 733
6 37.7315 0 727
0 37.7534 0 743
21 37.7556 0 667
15 37.8162 0 771
3 37.8197 0 744
18 37.8217 0 692
9 37.8233 0 712
12 37.8277 0 727
0 37.8526 0 746
21 37.8551 0 686
15 37.9141 0 767
3 37.9177 0 733
18 37.9207 0 699
9 37.9224 0 707
12 37.9266 0 730
0 37.9512 0 739
21 37.9532 0 706
15 38.0135 0 767
3 38.0164 0 722
18 38.0191 0 696
9 38.0204 0 701
12 38.0247 0 743
0 38.0498 0 733
21 38.0521 0 716
15 38.1119 0 776
3 38.1159 0 722
18 38.1182 0 691
9 38.1195 0 694
12 38.124 0 756
0 38.1478 0 726
21 38.1513 0 710
15 38.2103 0 786
3 38.2136 0 744
18 38.2168 0 685
9 38.2177 0 689
12 38.2225 0 761
0 38.2473 0 722
21 38.2496 0 700
15 38.31 0 793
3 38.3131 0 765
18 38.3154 0 679
9 38.3164 0 703
12 38.321 0 757
0 38.3454 0 738
21 38.3484 0 689
15 38.4087 0 791
3 38.412 0 775
18 38.414 0 687
9 38.4153 0 718
12 38.4204 0 751
0 38.4443 0 754
21 38.4475 0 679
15 38.507 0 787
3 38.5108 0 767
18 38.5126 0 700
9 38.5146 0 730
12 38.5185 0 745
6 38.5207 0 745
0 38.5433 0 765
21 38.5463 0 691
15 38.6056 0 783
3 38.6087 0 757
18 38.6119 0 711
9 38.6127 0 728
12 38.618 0 740
0 38.6423 0 762
21 38.6444 0 711
15 38.7043 0 780
3 38.7077 0 747
18 38.7102 0 714
9 38.7122 0 722
12 38.7158 0 748
0 38.741 0 755
21 38.7435 0 728
15 38.8032 0 783
3 38.806 0 735
18 38.8089 0 710
9 38.8111 0 716
12 38.8148 0 762
0 38.8399 0 748
21 38.8424 0 735
15 38.9018 0 793
3 38.9058 0 743
18 38.9074 0 704
9 38.9094 0 708
12 38.9135 0 775
6 38.916 0 718
0 38.9381 0 738
21 38.941 0 724
15 39.0006 0 804
3 39.0035 0 770
18 39.006 0 695
9 39.0081 0 709
12 39.0129 0 774
6 39.0146 0 731
0 39.0371 0 747
21 39.0397 0 710
15 39.0991 0 805
3 39.1027 0 791
18 39.1059 0 692
9 39.1071 0 727
12 39.1116 0 766
6 39.1138 0 749
0 39.1356 0 767
21 39.138 0 696
15 39.1982 0 801
3 39.2017 0 785
18 39.2041 0 697
9 39.2059 0 744
12 39.2101 0 758
0 39.235 0 781
21 39.2373 0 705
15 39.2966 0 796
3 39.3005 0 772
18 39.3028 0 712
9 39.3045 0 744
12 39.3084 0 752
0 39.3333 0 776
21 39.3359 0 729
15 39.3951 0 791
3 39.399 0 759
18 39.4015 0 727
9 39.4028 0 736
12 39.407 0 765
0 39.432 0 767
21 39.4344 0 749
15 39.4944 0 798
3 39.4975 0 746
18 39.5003 0 730
9 39.5019 0 727
12 39.5062 0 780
0 39.5306 0 758
21 39.5327 0 748
15 39.5924 0 809
3 39.5963 0 766
18 39.5998 0 724
9 39.6002 0 718
12 39.6049 0 791
6 39.6068 0 731
0 39.6299 0 750
21 39.6322 0 737
15 39.6922 0 818
3 39.6951 0 789
18 39.6981 0 716
9 39.6986 0 725
12 39.7031 0 786
6 39.7055 0 746
0 39.7279 0 761
21 39.7311 0 726
15 39.79 0 819
3 39.794 0 803
18 39.7965 0 710
9 39.7976 0 739
12 39.8023 0 781
6 39.805 0 760
0 39.8273 0 780
21 39.8295 0 713
15 39.8891 0 814
3 39.8922 0 802
18 39.896 0 707
9 39.897 0 757
12 39.9014 0 773
6 39.9036 0 775
0 39.9257 0 796
21 39.9285 0 715
15 39.9881 0 809
3 39.9913 0 791
18 39.9942 0 721
9 39.9955 0 762
12 39.9995 0 766
6 40.0023 0 771
0 40.0246 0 794
21 40.0271 0 737
15 40.0862 0 804
3 40.0895 0 776
18 40.0926 0 737
9 40.0945 0 754
12 40.0983 0 774
6 40.1006 0 762
0 40.1234 0 783
21 40.1258 0 761
15 40.1858 0 808
3 40.1891 0 761
18 40.1922 0 745
9 40.1927 0 743
12 40.1968 0 792
6 40.2002 0 751
0 40.2216 0 772
21 40.224 0 764
15 40.284 0 820
3 40.287 0 777
18 40.2903 0 738
9 40.2913 0 734
12 40.2955 0 804
6 40.2983 0 743
0 40.32 0 762
21 40.3235 0 751
15 40.3833 0 831
3 40.3864 0 804
18 40.3892 0 728
9 40.3904 0 739
12 40.3944 0 799
6 40.3968 0 762
0 40.4187 0 780
21 40.4223 0 735
15 40.4819 0 828
3 40.4853 0 819
18 40.4883 0 719
9 40.4893 0 758
12 40.4932 0 790
6 40.4963 0 779
0 40.5184 0 798
21 40.5206 0 721
15 40.5807 0 823
3 40.5834 0 811
18 40.587 0 723
9 40.588 0 775
12 40.5919 0 781
6 40.5946 0 788
0 40.6162 0 808
21 40.6192 0 736
15 40.6789 0 817
3 40.6823 0 796
18 40.6851 0 740
9 40.6862 0 772
12 40.6912 0 778
6 40.6938 0 780
0 40.7157 0 800
21 40.7179 0 762
15 40.7783 0 812
3 40.7812 0 782
18 40.7837 0 755
9 40.7853 0 763
12 40.7893 0 793
6 40.7917 0 769
0 40.8139 0 791
21 40.8162 0 780
15 40.8769 0 822
3 40.8795 0 771
18 40.8834 0 756
9 40.8838 0 753
12 40.8885 0 808
6 40.8911 0 760
0 40.9133 0 782
21 40.9155 0 776
15 40.9749 0 831
3 40.9786 0 792
18 40.982 0 750
9 40.983 0 745
12 40.9867 0 816
6 40.9896 0 755
0 41.012 0 775
21 41.0141 0 763
15 41.0743 0 841
3 41.0775 0 818
18 41.0806 0 740
9 41.0818 0 753
12 41.086 0 810
6 41.0881 0 775
0 41.1099 0 795
21 41.1124 0 747
15 41.1726 0 839
3 41.1762 0 832
18 41.1797 0 730
12 41.1847 0 800
6 41.1871 0 793
0 41.2091 0 813
21 41.2111 0 733
15 41.2717 0 832
3 41.2743 0 820
18 41.2778 0 734
9 41.2792 0 789
12 41.2832 0 791
6 41.2863 0 800
0 41.3079 0 820
21 41.3099 0 751
15 41.3698 0 826
3 41.3736 0 806
18 41.3762 0 752
9 41.3776 0 784
12 41.3817 0 790
6 41.3848 0 791
0 41.4067 0 811
21 41.4094 0 778
15 41.4684 0 822
3 41.4725 0 792
18 41.4755 0 767
9 41.4759 0 774
12 41.4805 0 806
6 41.4828 0 780
0 41.505 0 801
21 41.508 0 794
15 41.5678 0 833
3 41.5714 0 784
18 41.5736 0 766
9 41.5753 0 763
12 41.5798 0 821
6 41.5816 0 769
0 41.604 0 789
21 41.6066 0 785
15 41.6659 0 845
3 41.6694 0 811
18 41.6731 0 757
9 41.6742 0 753
12 41.6785 0 824
6 41.6808 0 771
0 41.7032 0 792
21 41.705 0 770
15 41.7655 0 850
3 41.7683 0 835
18 41.7717 0 746
9 41.7722 0 771
12 41.7773 0 816
6 41.7789 0 792
0 41.8019 0 814
21 41.8035 0 753
15 41.8636 0 845
3 41.8669 0 839
18 41.8707 0 737
9 41.8711 0 790
12 41.8758 0 806
6 41.8783 0 809
0 41.9001 0 830
21 41.9029 0 746
15 41.9629 0 839
3 41.9663 0 826
18 41.9691 0 749
9 41.9701 0 800
12 41.9742 0 796
6 41.9768 0 808
0 41.9994 0 829
21 42.0009 0 772
15 42.0609 0 833
3 42.0649 0 813
18 42.068 0 766
9 42.0695 0 794
12 42.073 0 803
6 42.0759 0 799
0 42.0971 0 819
21 42.1 0 794
15 42.1598 0 832
3 42.1629 0 800
18 42.1665 0 780
9 42.1673 0 784
12 42.1721 0 818
6 42.1748 0 789
0 42.1959 0 809
21 42.1991 0 805
15 42.2591 0 842
3 42.2622 0 793
18 42.2653 0 777
9 42.2658 0 775
12 42.2702 0 831
6 42.2728 0 779
0 42.2951 0 799
21 42.2981 0 796
15 42.3578 0 854
3 42.3606 0 821
18 42.3641 0 767
9 42.365 0 764
12 42.3698 0 834
6 42.3717 0 779
0 42.3935 0 802
21 42.3968 0 782
15 42.456 0 859
3 42.4599 0 841
18 42.4629 0 758
9 42.4633 0 777
12 42.4687 0 827
6 42.4709 0 798
0 42.493 0 820
21 42.4949 0 769
15 42.5547 0 857
3 42.5581 0 852
18 42.5614 0 750
9 42.5627 0 793
12 42.5667 0 820
6 42.5695 0 813
0 42.5914 0 834
21 42.5937 0 757
15 42.6537 0 852
3 42.6572 0 845
18 42.6606 0 749
12 42.6656 0 812
6 42.6675 0 823
0 42.6903 0 843
21 42.6927 0 765
15 42.7519 0 846
3 42.7558 0 833
18 42.7585 0 764
9 42.7599 0 811
12 42.7638 0 804
6 42.7664 0 817
0 42.7887 0 836
21 42.7913 0 791
15 42.8515 0 839
3 42.8549 0 817
18 42.8576 0 782
9 42.8588 0 802
12 42.8634 0 819
6 42.8659 0 805
0 42.8871 0 825
21 42.8905 0 811
15 42.9501 0 844
3 42.9534 0 805
18 42.9568 0 791
9 42.9575 0 792
12 42.9621 0 833
6 42.9637 0 795
0 42.9865 0 815
21 42.9888 0 814
15 43.0482 0 853
3 43.0519 0 807
18 43.0551 0 786
9 43.0563 0 784
12 43.0609 0 843
6 43.0634 0 787
0 43.0847 0 806
21 43.0871 0 805
15 43.1472 0 863
3 43.1511 0 834
18 43.1536 0 776
9 43.1549 0 774
12 43.1589 0 842
6 43.1616 0 791
21 43.1867 0 790
15 43.246 0 866
3 43.2498 0 855
18 43.2528 0 765
9 43.2536 0 792
12 43.2583 0 833
6 43.2603 0 812
0 43.2825 0 836
21 43.2853 0 773
15 43.3449 0 862
3 43.3483 0 858
18 43.3513 0 755
9 43.3522 0 810
12 43.357 0 824
6 43.3594 0 828
0 43.3816 0 849
21 43.3834 0 766
15 43.443 0 856
3 43.4466 0 848
18 43.4499 0 760
9 43.4504 0 819
12 43.4558 0 815
6 43.4578 0 829
0 43.4804 0 847
21 43.4822 0 782
15 43.5418 0 847
3 43.5455 0 832
18 43.5488 0 776
9 43.5497 0 814
12 43.5536 0 813
6 43.5567 0 817
0 43.5781 0 835
21 43.5816 0 805
15 43.6413 0 841
3 43.6447 0 814
18 43.6479 0 789
9 43.6488 0 801
12 43.6525 0 827
6 43.6555 0 804
0 43.6771 0 822
21 43.6798 0 818
15 43.7402 0 848
3 43.7435 0 800
18 43.7466 0 789
9 43.7472 0 789
12 43.7516 0 838
6 43.7541 0 791
0 43.7761 0 810
21 43.7785 0 809
15 43.8389 0 857
3 43.8414 0 821
18 43.8448 0 777
9 43.846 0 774
12 43.8504 0 841
6 43.8525 0 783
0 43.8745 0 804
21 43.8777 0 791
15 43.9369 0 863
3 43.9408 0 842
18 43.9435 0 764
9 43.9447 0 777
12 43.9492 0 831
6 43.9517 0 798
0 43.9731 0 823
21 43.9764 0 772
15 44.0354 0 857
3 44.0398 0 853
18 44.0426 0 751
9 44.0437 0 795
12 44.0481 0 819
6 44.0505 0 814
0 44.0726 0 837
21 44.0749 0 755
15 44.1343 0 849
3 44.1385 0 841
18 44.141 0 751
9 44.1415 0 809
12 44.1469 0 808
6 44.1488 0 820
0 44.1708 0 839
21 44.1732 0 771
15 44.2331 0 841
3 44.2368 0 825
18 44.2401 0 765
9 44.2405 0 806
12 44.2457 0 804
6 44.248 0 810
0 44.2701 0 828
21 44.2729 0 791
15 44.3319 0 834
3 44.335 0 810
18 44.3389 0 777
9 44.3393 0 795
12 44.3442 0 816
6 44.346 0 798
0 44.368 0 815
21 44.3709 0 806
15 44.4305 0 839
3 44.4346 0 793
18 44.4377 0 781
9 44.4381 0 781
12 44.4428 0 829
6 44.4457 0 784
0 44.4677 0 801
21 44.4693 0 799
15 44.5299 0 848
3 44.5333 0 808
18 44.5361 0 771
9 44.5373 0 767
12 44.5415 0 833
6 44.5434 0 772
0 44.5664 0 793
21 44.5681 0 783
15 44.6282 0 854
3 44.6321 0 827
18 44.6349 0 758
9 44.6358 0 762
12 44.6402 0 825
6 44.6431 0 784
0 44.6647 0 808
21 44.6677 0 766
15 44.7275 0 851
3 44.7305 0 841
18 44.7337 0 746
9 44.7345 0 777
12 44.7394 0 814
6 44.7417 0 799
0 44.763 0 823
21 44.766 0 748
15 44.8256 0 843
3 44.8295 0 835
18 44.8324 0 738
9 44.8331 0 794
12 44.8373 0 802
6 44.8401 0 812
0 44.8621 0 830
21 44.8647 0 754
15 44.925 0 833
3 44.9273 0 817
18 44.9313 0 753
9 44.9319 0 796
12 44.9364 0 794
6 44.9392 0 802
0 44.9611 0 820
21 44.9637 0 776
15 45.023 0 826
3 45.0262 0 803
18 45.0296 0 763
9 45.0304 0 787
12 45.0351 0 803
6 45.0377 0 792
0 45.0591 0 808
21 45.062 0 790
15 45.1224 0 828
3 45.1252 0 786
18 45.1279 0 771
9 45.1296 0 772
12 45.1335 0 817
6 45.1364 0 777
0 45.1584 0 794
21 45.1607 0 790
15 45.2206 0 836
3 45.2239 0 788
18 45.2272 0 764
9 45.228 0 760
12 45.2322 0 824
6 45.2351 0 766
0 45.2571 0 782
21 45.26 0 777
15 45.3198 0 843
3 45.3226 0 829
18 45.3255 0 751
9 45.3271 0 748
12 45.3313 0 817
6 45.3342 0 768
0 45.3562 0 792
21 45.3586 0 759
15 45.4185 0 842
3 45.4217 0 828
18 45.425 0 739
9 45.426 0 761
12 45.4298 0 805
6 45.4328 0 784
0 45.4549 0 809
21 45.4574 0 740
15 45.5165 0 835
3 45.5207 0 813
18 45.5235 0 727
9 45.524 0 776
12 45.5288 0 793
6 45.5308 0 797
0 45.5535 0 820
21 45.5563 0 736
15 45.6153 0 827
3 45.6196 0 797
18 45.6224 0 735
9 45.6229 0 786
12 45.6276 0 783
6 45.6295 0 795
0 45.6521 0 811
21 45.6551 0 758
15 45.7149 0 817
3 45.7175 0 777
18 45.7206 0 750
9 45.7214 0 775
12 45.7264 0 793
6 45.7283 0 781
0 45.751 0 797
21 45.7536 0 777
15 45.8134 0 818
3 45.8166 0 779
18 45.8197 0 759
9 45.8202 0 761
12 45.8244 0 806
6 45.827 0 766
0 45.8491 0 782
21 45.8524 0 778
15 45.9115 0 826
3 45.9156 0 801
18 45.9184 0 751
9 45.9197 0 738
12 45.9239 0 813
6 45.9264 0 753
0 45.9485 0 770
21 45.9504 0 763
15 46.0104 0 832
3 46.0139 0 815
18 46.0174 0 741
9 46.0182 0 748
12 46.0225 0 806
6 46.0249 0 754
0 46.0465 0 780
21 46.0491 0 748
15 46.1094 0 832
3 46.1127 0 816
18 46.1158 0 728
9 46.1168 0 763
12 46.1214 0 794
6 46.123 0 770
0 46.1461 0 797
21 46.1483 0 728
15 46.2084 0 825
3 46.2114 0 803
18 46.2142 0 717
9 46.2153 0 773
12 46.2193 0 783
6 46.2225 0 782
0 46.2448 0 807
21 46.2468 0 721
15 46.3068 0 817
3 46.3102 0 786
18 46.3137 0 721
12 46.3183 0 773
6 46.3214 0 783
0 46.3435 0 801
21 46.3451 0 739
15 46.405 0 809
3 46.4087 0 768
18 46.4117 0 734
9 46.4125 0 753
12 46.4177 0 778
6 46.4192 0 771
0 46.4421 0 787
21 46.4445 0 759
15 46.504 0 806
3 46.5074 0 762
18 46.5108 0 745
9 46.5114 0 739
12 46.5165 0 791
6 46.5187 0 757
0 46.5401 0 772
21 46.5426 0 766
15 46.6025 0 813
3 46.6059 0 782
18 46.6093 0 741
9 46.6103 0 727
12 46.6143 0 799
6 46.6174 0 745
0 46.6395 0 760
21 46.6424 0 753
15 46.7021 0 820
3 46.7055 0 800
18 46.7077 0 731
9 46.7095 0 732
12 46.7135 0 794
0 46.7377 0 765
21 46.7407 0 735
15 46.8008 0 822
3 46.8041 0 806
18 46.8063 0 720
9 46.8076 0 745
12 46.8119 0 784
6 46.8151 0 774
0 46.8369 0 778
21 46.8389 0 720
15 46.8986 0 815
3 46.9023 0 793
18 46.9058 0 709
9 46.9063 0 757
12 46.9106 0 773
6 46.9134 0 763
0 46.9355 0 791
21 46.9375 0 705
15 46.9978 0 806
3 47.0012 0 774
18 47.0044 0 708
9 47.0055 0 752
12 47.0093 0 761
6 47.0122 0 749
0 47.0345 0 786
21 47.037 0 724
15 47.0967 0 798
3 47.0997 0 759
9 47.1035 0 742
18 47.1041 0 719
12 47.1084 0 764
6 47.1106 0 739
0 47.1333 0 775
21 47.1357 0 739
15 47.1956 0 793
3 47.1984 0 745
18 47.2022 0 729
9 47.2034 0 728
12 47.2072 0 777
6 47.2098 0 730
0 47.2315 0 760
21 47.2337 0 751
15 47.2945 0 801
3 47.2977 0 766
18 47.3008 0 729
9 47.3014 0 715
12 47.3059 0 787
6 47.3083 0 744
0 47.3305 0 746
21 47.3329 0 737
15 47.3927 0 808
3 47.3966 0 786
18 47.3991 0 718
9 47.3998 0 718
12 47.4046 0 782
6 47.4074 0 757
0 47.4289 0 752
21 47.4319 0 720
15 47.491 0 809
3 47.4952 0 790
18 47.4978 0 706
9 47.4994 0 732
12 47.5032 0 770
6 47.5063 0 759
0 47.528 0 767
21 47.5306 0 702
15 47.5901 0 801
3 47.5932 0 775
18 47.5962 0 695
9 47.5972 0 743
12 47.6026 0 758
6 47.6052 0 748
0 47.6267 0 777
21 47.6286 0 694
15 47.6891 0 792
3 47.6923 0 756
18 47.6955 0 698
9 47.6969 0 735
12 47.7008 0 748
6 47.7033 0 734
0 47.726 0 768
21 47.7281 0 714
15 47.7874 0 784
3 47.7915 0 739
18 47.7939 0 708
9 47.7955 0 723
12 47.7993 0 755
6 47.8019 0 722
0 47.8236 0 757
21 47.8267 0 728
15 47.8867 0 783
3 47.8895 0 734
18 47.8927 0 717
9 47.8934 0 712
12 47.8981 0 766
6 47.9009 0 719
0 47.9229 0 744
21 47.9252 0 733
15 47.9848 0 789
3 47.9882 0 753
18 47.9919 0 714
9 47.9927 0 700
12 47.9966 0 774
6 47.9999 0 731
0 48.0214 0 731
21 48.0245 0 720
15 48.0837 0 796
3 48.0878 0 771
18 48.0902 0 704
9 48.0913 0 704
12 48.096 0 766
6 48.099 0 743
0 48.1205 0 740
21 48.1233 0 703
15 48.1823 0 795
3 48.186 0 774
18 48.1888 0 693
9 48.1897 0 718
12 48.194 0 755
6 48.1975 0 743
0 48.2194 0 754
21 48.2218 0 685
15 48.2816 0 788
3 48.2849 0 758
18 48.2878 0 683
9 48.2883 0 727
12 48.2937 0 744
6 48.2955 0 732
0 48.318 0 762
21 48.3201 0 682
15 48.3806 0 778
3 48.384 0 739
18 48.3867 0 687
9 48.3879 0 719
12 48.3915 0 735
6 48.3951 0 719
0 48.4167 0 752
21 48.4186 0 702
15 48.4786 0 770
3 48.4828 0 722
18 48.485 0 697
9 48.4864 0 707
12 48.4909 0 745
6 48.4928 0 706
0 48.5152 0 739
21 48.5176 0 716
15 48.5778 0 773
3 48.5809 0 726
18 48.5842 0 705
9 48.5852 0 696
12 48.5892 0 756
6 48.5917 0 709
0 48.6142 0 727
21 48.6168 0 715
15 48.6759 0 779
3 48.6798 0 744
18 48.6829 0 699
9 48.6835 0 686
12 48.6886 0 759
6 48.6905 0 720
0 48.7124 0 718
21 48.7157 0 703
15 48.7751 0 784
3 48.7782 0 757
18 48.7811 0 690
9 48.7823 0 692
12 48.7868 0 751
6 48.7897 0 729
0 48.8116 0 729
21 48.8143 0 686
15 48.8742 0 782
3 48.8769 0 757
18 48.8806 0 681
12 48.8854 0 741
6 48.8877 0 728
0 48.9098 0 740
21 48.9124 0 671
15 48.9721 0 775
3 48.9757 0 743
18 48.9786 0 671
9 48.9794 0 711
12 48.9842 0 731
6 48.9867 0 718
0 49.0088 0 746
21 49.0111 0 667
15 49.0717 0 767
3 49.0745 0 726
18 49.0772 0 672
9 49.079 0 704
12 49.0836 0 722
6 49.0859 0 706
0 49.1074 0 737
21 49.1096 0 682
15 49.1701 0 759
3 49.1731 0 711
18 49.1765 0 680
9 49.1774 0 695
12 49.1822 0 727
6 49.1848 0 696
0 49.2069 0 725
21 49.2086 0 695
15 49.2683 0 757
3 49.2726 0 706
18 49.2757 0 688
9 49.2762 0 683
12 49.2811 0 738
6 49.2835 0 692
0 49.3051 0 712
21 49.308 0 697
15 49.3679 0 764
3 49.3711 0 724
18 49.3744 0 686
9 49.3751 0 674
12 49.3791 0 744
6 49.3822 0 702
0 49.4042 0 703
21 49.4064 0 686
15 49.4662 0 769
3 49.4693 0 738
18 49.4734 0 679
9 49.4739 0 676
12 49.4781 0 737
6 49.4803 0 710
0 49.5026 0 710
21 49.5047 0 673
15 49.5648 0 768
3 49.5679 0 742
18 49.5717 0 670
9 49.5728 0 685
12 49.5769 0 729
6 49.5799 0 713
0 49.601 0 721
21 49.6044 0 659
15 49.6642 0 762
3 49.667 0 729
18 49.67 0 662
9 49.6714 0 694
12 49.6753 0 719
6 49.6784 0 705
0 49.7001 0 729
21 49.7023 0 650
15 49.7622 0 755
3 49.7662 0 715
18 49.7688 0 660
9 49.7695 0 692
12 49.7745 0 711
6 49.7767 0 695
0 49.7988 0 722
21 49.8008 0 663
15 49.8613 0 746
3 49.865 0 699
18 49.8677 0 667
9 49.8683 0 682
12 49.8735 0 715
6 49.8761 0 684
21 49.9002 0 677
15 49.9596 0 743
3 49.9637 0 690
18 49.9659 0 674
9 49.9674 0 672
12 49.9719 0 723
6 49.9743 0 678
0 49.9968 0 700
21 49.9993 0 681
15 50.0589 0 748
3 50.0625 0 705
18 50.0654 0 673
9 50.0658 0 663
12 50.0702 0 730
6 50.0728 0 686
0 50.0955 0 690
21 50.0971 0 672
15 50.1579 0 755
3 50.1604 0 721
18 50.1638 0 667
9 50.1648 0 663
12 50.1697 0 725
6 50.1715 0 696
0 50.1939 0 696
21 50.1963 0 659
15 50.256 0 755
3 50.259 0 726
18 50.2627 0 659
9 50.2636 0 671
12 50.2684 0 716
6 50.2709 0 699
0 50.2928 0 706
21 50.2954 0 646
15 50.3546 0 748
3 50.3583 0 714
18 50.361 0 652
9 50.3627 0 678
12 50.3668 0 707
6 50.3693 0 692
0 50.3914 0 713
21 50.3941 0 638
15 50.4536 0 741
3 50.4566 0 699
18 50.4604 0 649
9 50.4608 0 677
12 50.4659 0 699
6 50.4682 0 682
0 50.4895 0 706
21 50.4921 0 649
15 50.552 0 734
3 50.5555 0 686
18 50.5582 0 655
9 50.5593 0 669
12 50.564 0 703
6 50.5666 0 673
0 50.5885 0 697
21 50.5909 0 661
15 50.6508 0 731
3 50.6546 0 676
18 50.6577 0 660
9 50.6581 0 661
12 50.6632 0 710
6 50.666 0 666
0 50.6873 0 688
21 50.6901 0 666
15 50.7495 0 735
3 50.7534 0 687
18 50.7563 0 661
9 50.7571 0 654
12 50.7611 0 716
6 50.7645 0 672
0 50.7863 0 678
21 50.7882 0 656
15 50.8484 0 741
3 50.8521 0 703
18 50.8544 0 656
9 50.856 0 651
12 50.86 0 714
6 50.8631 0 680
0 50.8851 0 680
21 50.8877 0 647
15 50.9473 0 743
3 50.9508 0 711
12 50.959 0 708
6 50.9611 0 686
0 50.9837 0 688
21 50.9859 0 637
15 51.0456 0 740
3 51.0495 0 705
18 51.0528 0 645
9 51.0538 0 663
12 51.0579 0 701
6 51.0609 0 683
0 51.0822 0 696
21 51.0854 0 627
15 51.1448 0 735
3 51.1481 0 695
18 51.1507 0 639
9 51.1522 0 668
12 51.1565 0 695
6 51.1586 0 676
0 51.1814 0 697
21 51.1836 0 629
15 51.2442 0 729
3 51.247 0 680
18 51.2502 0 640
9 51.2508 0 664
12 51.2548 0 690
6 51.2573 0 668
0 51.2797 0 690
21 51.2824 0 638
15 51.3421 0 725
3 51.3457 0 672
18 51.3485 0 645
9 51.3495 0 658
12 51.3544 0 697
6 51.3571 0 661
0 51.3788 0 683
21 51.381 0 647
15 51.4404 0 725
3 51.4444 0 667
18 51.4475 0 649
9 51.4481 0 651
12 51.4531 0 701
6 51.4556 0 657
0 51.4775 0 669
21 51.4797 0 646
15 51.54 0 723
3 51.543 0 670
18 51.5459 0 646
9 51.5472 0 637
12 51.5511 0 699
6 51.5536 0 655
0 51.5759 0 661
21 51.5782 0 638
15 51.6382 0 732
3 51.6413 0 682
18 51.6448 0 644
9 51.6453 0 644
12 51.6504 0 700
6 51.6525 0 668
0 51.675 0 669
21 51.6768 0 631
15 51.7369 0 738
3 51.7408 0 698
18 51.7433 0 642
9 51.7443 0 652
12 51.7485 0 698
6 51.7515 0 675
0 51.773 0 680
21 51.7759 0 625
15 51.8361 0 736
3 51.8397 0 691
18 51.8425 0 638
9 51.8436 0 658
12 51.8476 0 693
6 51.8506 0 672
0 51.8724 0 686
21 51.8749 0 618
15 51.9343 0 732
3 51.9383 0 684
18 51.9406 0 635
9 51.942 0 661
12 51.9469 0 688
6 51.9492 0 667
0 51.9705 0 684
21 51.9737 0 621
15 52.0337 0 728
3 52.0365 0 674
18 52.0396 0 637
9 52.0411 0 657
12 52.0447 0 687
6 52.0479 0 660
0 52.0699 0 678
21 52.0718 0 630
15 52.132 0 723
3 52.135 0 665
18 52.138 0 641
9 52.139 0 653
12 52.1436 0 690
6 52.1467 0 655
0 52.1683 0 671
21 52.1711 0 636
15 52.2311 0 724
3 52.2342 0 664
18 52.2376 0 644
9 52.2382 0 646
12 52.2429 0 695
6 52.245 0 653
