"x" "y" "z" "temp"
18 0.0 0 552.724
15 0.008 0 535.6992
3 0.0197 0 562.25
6 0.0295 0 599.1
0 0.0325 0 627.25
12 0.0356 0 584.5
9 0.0567 0 569.08
21 0.0667 0 631.125
18 0.0988 0 552.724
15 0.1067 0 534.8153
3 0.1186 0 561.5
6 0.1285 0 599.1
0 0.1305 0 626.5
12 0.1339 0 584.5
9 0.1553 0 569.08
21 0.1654 0 631.125
18 0.1967 0 552.724
15 0.2052 0 535.6992
3 0.2175 0 563.75
6 0.2269 0 601.06
0 0.2296 0 627.25
12 0.2323 0 585.25
9 0.2535 0 579.42
21 0.2636 0 631.125
18 0.2963 0 559.15
15 0.3047 0 545.4221
3 0.3161 0 581.0
6 0.3254 0 612.82
0 0.3276 0 630.25
12 0.3317 0 594.25
9 0.3527 0 606.68
21 0.3627 0 631.97
18 0.3948 0 570.166
15 0.4028 0 559.5645
3 0.4147 0 602.0
6 0.4238 0 626.54
0 0.4264 0 636.25
12 0.4297 0 607.75
9 0.4511 0 633.94
21 0.4619 0 632.815
18 0.4937 0 582.1
15 0.5017 0 574.5908
3 0.5137 0 622.25
6 0.5226 0 641.24
0 0.5254 0 643.0
12 0.529 0 621.25
9 0.5494 0 655.56
21 0.5605 0 635.35
18 0.5925 0 593.116
15 0.6007 0 589.6171
3 0.6124 0 639.5
6 0.6217 0 654.96
0 0.6248 0 651.25
12 0.6279 0 634.0
9 0.6485 0 674.36
21 0.659 0 637.885
18 0.6905 0 605.05
15 0.6996 0 602.8756
3 0.7109 0 655.25
6 0.7206 0 668.68
0 0.7232 0 659.5
12 0.7267 0 646.0
9 0.7473 0 690.34
21 0.7578 0 642.11
18 0.7895 0 615.148
15 0.7983 0 615.2502
3 0.8098 0 669.5
6 0.8195 0 680.44
0 0.8215 0 668.5
12 0.8256 0 657.25
9 0.846 0 704.44
21 0.8564 0 646.335
18 0.8887 0 625.246
15 0.8967 0 626.7409
3 0.9083 0 682.25
6 0.9182 0 692.2
0 0.9209 0 677.5
12 0.9236 0 667.75
9 0.9447 0 715.72
21 0.9552 0 650.56
18 0.9873 0 634.426
15 0.9955 0 637.3477
3 1.0068 0 693.5
6 1.0167 0 702.98
0 1.0196 0 686.5
12 1.0231 0 677.5
9 1.0432 0 726.06
21 1.0542 0 655.63
18 1.0853 0 642.688
15 1.0947 0 647.0706
3 1.1058 0 703.25
6 1.1149 0 712.78
0 1.1182 0 694.75
12 1.1216 0 686.5
9 1.1422 0 734.52
21 1.1523 0 659.855
18 1.1845 0 650.032
15 1.1928 0 655.9096
3 1.2051 0 712.25
6 1.2138 0 722.58
0 1.2165 0 703.0
12 1.2202 0 694.75
9 1.2408 0 742.98
21 1.2519 0 664.925
18 1.2834 0 658.294
15 1.2919 0 664.7486
3 1.3037 0 720.5
6 1.3132 0 731.4
0 1.3159 0 711.25
12 1.3192 0 702.25
9 1.3395 0 749.56
21 1.3502 0 669.995
18 1.3815 0 664.72
15 1.3905 0 672.7037
3 1.4023 0 728.0
6 1.4115 0 739.24
0 1.4146 0 718.75
12 1.4177 0 709.0
9 1.4387 0 756.14
21 1.4488 0 674.22
18 1.4807 0 671.146
15 1.4888 0 679.7749
3 1.5006 0 734.75
6 1.5105 0 747.08
0 1.5135 0 725.5
12 1.5161 0 715.75
9 1.5373 0 761.78
21 1.5477 0 679.29
18 1.5799 0 677.572
15 1.588 0 686.8461
3 1.5992 0 740.0
6 1.6089 0 751.0
0 1.6121 0 728.5
12 1.6146 0 718.0
9 1.6355 0 761.78
21 1.646 0 678.445
18 1.6784 0 672.064
15 1.6866 0 679.7749
3 1.6981 0 733.25
6 1.7077 0 743.16
0 1.7099 0 721.75
12 1.7137 0 711.25
9 1.7347 0 756.14
21 1.7453 0 673.375
18 1.7772 0 665.638
15 1.7848 0 671.8198
3 1.7972 0 725.75
6 1.8067 0 735.32
0 1.8089 0 714.25
12 1.812 0 704.5
9 1.8337 0 749.56
21 1.8438 0 668.305
18 1.876 0 659.212
15 1.8844 0 663.8647
3 1.896 0 718.25
6 1.9056 0 726.5
0 1.9082 0 706.0
12 1.9109 0 697.0
9 1.9317 0 742.04
21 1.943 0 663.235
18 1.9745 0 650.95
15 1.9827 0 655.9096
3 1.9949 0 710.0
6 2.0039 0 717.68
0 2.0065 0 697.75
12 2.0102 0 688.75
9 2.0308 0 734.52
21 2.0414 0 659.01
18 2.0733 0 643.606
15 2.0819 0 646.1867
3 2.0934 0 701.0
6 2.1024 0 707.88
0 2.1056 0 689.5
12 2.1083 0 680.5
9 2.1297 0 725.12
21 2.1405 0 653.095
18 2.1717 0 635.344
15 2.1802 0 636.4638
3 2.1923 0 690.5
6 2.2012 0 698.08
0 2.2042 0 680.5
12 2.2079 0 670.75
9 2.2281 0 714.78
21 2.2388 0 648.87
18 2.2704 0 626.164
15 2.2794 0 625.857
3 2.2904 0 679.25
6 2.3002 0 686.32
0 2.3026 0 672.25
12 2.306 0 661.0
9 2.3267 0 703.5
21 2.3378 0 644.645
18 2.3695 0 616.066
15 2.378 0 614.3663
3 2.3899 0 666.5
6 2.3987 0 674.56
0 2.4011 0 663.25
12 2.4054 0 649.75
9 2.4259 0 690.34
21 2.4364 0 640.42
18 2.468 0 605.968
15 2.476 0 601.9917
3 2.4886 0 651.5
6 2.4976 0 662.8
0 2.5001 0 654.25
12 2.5038 0 638.5
9 2.5243 0 674.36
21 2.5348 0 637.04
18 2.5671 0 594.952
15 2.5756 0 588.7332
3 2.5872 0 635.75
6 2.5969 0 649.08
0 2.5993 0 646.0
12 2.6019 0 625.75
9 2.6237 0 655.56
21 2.6336 0 634.505
18 2.6658 0 583.936
15 2.6734 0 574.5908
3 2.686 0 618.5
6 2.6947 0 635.36
0 2.6978 0 639.25
12 2.7012 0 612.25
9 2.7216 0 633.0
21 2.732 0 631.97
18 2.7646 0 572.002
15 2.773 0 560.4484
3 2.7843 0 599.0
6 2.7937 0 621.64
0 2.7963 0 633.25
12 2.7996 0 599.5
9 2.8205 0 606.68
21 2.8315 0 631.125
18 2.8633 0 560.986
15 2.8711 0 546.306
3 2.8834 0 579.5
6 2.8928 0 608.9
0 2.8956 0 628.75
12 2.8982 0 589.0
9 2.9198 0 580.36
21 2.9304 0 631.125
18 2.9622 0 553.642
15 2.9697 0 536.5831
3 2.9819 0 565.25
6 2.9911 0 600.08
0 2.9936 0 627.25
12 2.9972 0 584.5
9 3.0184 0 569.08
21 3.0289 0 631.125
18 3.0602 0 551.806
15 3.0693 0 534.8153
3 3.0809 0 561.5
6 3.0898 0 599.1
0 3.0931 0 626.5
12 3.0959 0 584.5
9 3.1172 0 569.08
21 3.1269 0 631.125
18 3.1587 0 551.806
15 3.1679 0 534.8153
3 3.1793 0 562.25
6 3.1887 0 600.08
0 3.1915 0 626.5
12 3.195 0 584.5
9 3.2154 0 571.9
21 3.2259 0 631.125
18 3.2574 0 555.478
15 3.2665 0 541.0026
3 3.2781 0 573.5
6 3.2879 0 607.92
0 3.2903 0 628.75
12 3.2937 0 590.5
9 3.3149 0 596.34
21 3.3253 0 631.125
18 3.3567 0 565.576
15 3.3652 0 554.2611
3 3.3771 0 594.5
6 3.3866 0 621.64
0 3.3889 0 634.0
12 3.392 0 603.25
9 3.4128 0 624.54
21 3.4233 0 631.97
18 3.4559 0 577.51
15 3.4634 0 570.1713
3 3.4752 0 615.5
6 3.4847 0 636.34
0 3.4879 0 640.0
12 3.491 0 616.75
9 3.5121 0 648.98
21 3.5225 0 633.66
18 3.5545 0 589.444
15 3.5624 0 585.1976
3 3.5748 0 634.25
6 3.5841 0 650.06
0 3.5858 0 648.25
12 3.59 0 630.25
9 3.6111 0 668.72
21 3.6208 0 637.04
18 3.6532 0 601.378
15 3.6615 0 599.34
3 3.6732 0 650.75
6 3.6824 0 663.78
0 3.6846 0 656.5
12 3.6889 0 643.0
9 3.7093 0 685.64
21 3.7203 0 640.42
18 3.7518 0 611.476
15 3.76 0 611.7146
3 3.7719 0 665.0
6 3.7815 0 676.52
0 3.784 0 665.5
12 3.7868 0 654.25
9 3.8081 0 699.74
21 3.8183 0 644.645
18 3.8501 0 621.574
15 3.8584 0 624.0892
3 3.87 0 678.5
6 3.8801 0 688.28
0 3.8825 0 675.25
12 3.8859 0 665.5
9 3.9065 0 711.96
21 3.9172 0 648.87
18 3.9488 0 631.672
15 3.9573 0 634.696
3 3.9687 0 689.75
6 3.9786 0 700.04
0 3.9807 0 684.25
12 3.9841 0 675.25
9 4.0056 0 722.3
21 4.0164 0 653.94
18 4.0477 0 639.934
15 4.0561 0 644.4189
3 4.068 0 700.25
6 4.0775 0 709.84
0 4.0798 0 692.5
12 4.0828 0 684.25
9 4.1049 0 731.7
21 4.115 0 659.01
18 4.1466 0 648.196
15 4.1548 0 654.1418
3 4.1664 0 709.25
6 4.1766 0 719.64
0 4.1791 0 700.75
12 4.1823 0 692.5
9 4.2033 0 740.16
21 4.2133 0 663.235
18 4.2448 0 655.54
15 4.2539 0 662.9808
3 4.2653 0 718.25
6 4.2743 0 728.46
0 4.2776 0 709.0
12 4.2807 0 700.75
9 4.3019 0 747.68
21 4.3127 0 668.305
18 4.3442 0 662.884
15 4.3525 0 670.9359
3 4.3637 0 725.75
6 4.374 0 737.28
0 4.3757 0 716.5
12 4.3799 0 707.5
9 4.4004 0 754.26
21 4.4111 0 673.375
18 4.4423 0 669.31
15 4.451 0 678.0071
3 4.4628 0 733.25
6 4.4724 0 745.12
0 4.4749 0 724.0
12 4.4787 0 714.25
9 4.4991 0 759.9
21 4.5099 0 678.445
18 4.5415 0 675.736
15 4.5501 0 685.0783
3 4.5617 0 739.25
6 4.571 0 752.96
0 4.5736 0 730.75
12 4.5771 0 720.25
9 4.5983 0 764.6
21 4.6081 0 680.98
18 4.6397 0 675.736
15 4.6489 0 683.3105
3 4.6607 0 736.25
6 4.6693 0 748.06
0 4.6722 0 725.5
12 4.6761 0 715.0
9 4.6962 0 758.96
21 4.7071 0 675.91
18 4.7392 0 669.31
15 4.7476 0 676.2393
3 4.7588 0 729.5
6 4.768 0 739.24
0 4.7715 0 718.0
12 4.7747 0 708.25
9 4.7954 0 752.38
21 4.8054 0 670.84
18 4.8371 0 661.966
15 4.8456 0 668.2842
3 4.8578 0 722.0
6 4.8668 0 731.4
0 4.8697 0 709.75
12 4.8728 0 700.75
9 4.8936 0 745.8
21 4.9042 0 665.77
18 4.9367 0 654.622
15 4.9451 0 660.3291
3 4.9571 0 713.75
6 4.9662 0 722.58
0 4.969 0 702.25
12 4.972 0 693.25
9 4.9928 0 738.28
21 5.0038 0 660.7
18 5.035 0 647.278
15 5.0438 0 650.6062
3 5.0556 0 704.75
6 5.0647 0 712.78
0 5.0671 0 693.25
12 5.0707 0 685.0
9 5.0923 0 729.82
21 5.1019 0 655.63
18 5.134 0 639.016
15 5.1424 0 641.7672
3 5.1543 0 695.0
6 5.1637 0 702.0
0 5.1665 0 685.0
12 5.169 0 675.25
9 5.1908 0 719.48
21 5.2006 0 650.56
18 5.2329 0 629.836
15 5.2413 0 631.1604
3 5.2523 0 683.75
6 5.2622 0 691.22
0 5.2648 0 676.0
12 5.2676 0 665.5
9 5.2895 0 708.2
21 5.2997 0 646.335
18 5.3309 0 620.656
15 5.3393 0 619.6697
3 5.3512 0 671.75
6 5.3605 0 680.44
0 5.3635 0 667.0
12 5.367 0 655.0
9 5.3873 0 695.98
21 5.3983 0 642.11
18 5.4301 0 610.558
15 5.4386 0 608.179
3 5.4499 0 658.25
6 5.4598 0 667.7
0 5.4624 0 658.0
12 5.4659 0 643.75
9 5.4864 0 680.94
21 5.4967 0 637.885
18 5.5287 0 599.542
15 5.5377 0 594.9205
3 5.5486 0 642.5
6 5.558 0 654.96
0 5.5609 0 649.75
12 5.5643 0 631.0
21 5.5959 0 635.35
18 5.6274 0 588.526
15 5.6361 0 580.7781
3 5.6479 0 625.25
6 5.657 0 641.24
0 5.66 0 641.5
12 5.6631 0 618.25
9 5.6844 0 642.4
21 5.6943 0 632.815
18 5.7263 0 576.592
15 5.7347 0 566.6357
3 5.7468 0 606.5
6 5.7556 0 627.52
0 5.7588 0 635.5
12 5.7624 0 604.75
9 5.7832 0 617.96
21 5.7936 0 631.125
18 5.8245 0 565.576
15 5.833 0 551.6094
3 5.8456 0 587.0
6 5.8543 0 613.8
0 5.8571 0 630.25
12 5.8603 0 592.75
9 5.882 0 589.76
21 5.892 0 631.125
18 5.9235 0 555.478
15 5.932 0 540.1187
3 5.9437 0 569.75
6 5.953 0 603.02
0 5.956 0 627.25
12 5.9591 0 585.25
9 5.9801 0 570.96
21 5.9909 0 631.125
18 6.0226 0 551.806
15 6.0312 0 534.8153
3 6.0429 0 562.25
6 6.0522 0 599.1
0 6.0548 0 626.5
12 6.0586 0 584.5
9 6.0788 0 569.08
21 6.0899 0 631.125
18 6.1216 0 551.806
15 6.1299 0 534.8153
3 6.1413 0 561.5
6 6.1505 0 599.1
0 6.1531 0 626.5
12 6.1567 0 584.5
9 6.1775 0 569.08
21 6.1876 0 631.125
18 6.2195 0 552.724
15 6.2284 0 537.467
3 6.2405 0 566.75
6 6.2493 0 604.0
0 6.2519 0 628.0
12 6.256 0 587.5
9 6.2764 0 586.0
21 6.2868 0 631.125
18 6.3189 0 560.986
15 6.3266 0 548.9577
3 6.3392 0 586.25
6 6.3487 0 616.74
0 6.351 0 631.75
12 6.3539 0 598.0
9 6.3755 0 614.2
21 6.3854 0 631.125
18 6.4178 0 572.92
15 6.4262 0 563.984
3 6.4379 0 608.0
6 6.4467 0 630.46
0 6.4501 0 637.75
12 6.4525 0 611.5
9 6.4739 0 639.58
21 6.4846 0 632.815
18 6.5164 0 584.854
15 6.5246 0 579.8942
3 6.5367 0 627.5
6 6.546 0 645.16
0 6.5485 0 645.25
12 6.5512 0 625.75
9 6.5724 0 661.2
21 6.583 0 635.35
18 6.6145 0 596.788
15 6.6232 0 594.0366
3 6.6345 0 644.75
6 6.6449 0 658.88
0 6.6473 0 653.5
12 6.6507 0 638.5
9 6.6709 0 679.06
21 6.6818 0 638.73
18 6.7132 0 607.804
15 6.7223 0 607.2951
3 6.7334 0 659.75
6 6.7435 0 672.6
0 6.746 0 662.5
12 6.749 0 650.5
9 6.7699 0 695.04
21 6.7808 0 642.955
18 6.8125 0 618.82
15 6.8209 0 619.6697
3 6.8328 0 674.0
6 6.8417 0 684.36
0 6.8441 0 671.5
12 6.8477 0 661.75
9 6.8684 0 707.26
21 6.8793 0 647.18
18 6.9113 0 628.0
15 6.9192 0 631.1604
3 6.9315 0 686.0
6 6.9411 0 696.12
0 6.943 0 680.5
12 6.9466 0 672.25
9 6.967 0 718.54
21 6.9781 0 652.25
18 7.0096 0 637.18
15 7.0182 0 641.7672
3 7.0298 0 696.5
6 7.0398 0 705.92
0 7.0426 0 689.5
12 7.045 0 681.25
9 7.066 0 728.88
21 7.0762 0 657.32
18 7.1087 0 645.442
15 7.1166 0 651.4901
3 7.1291 0 706.25
6 7.138 0 716.7
0 7.1405 0 698.5
12 7.1445 0 690.25
9 7.1647 0 737.34
21 7.1758 0 661.545
18 7.2072 0 652.786
15 7.2161 0 660.3291
3 7.2278 0 715.25
6 7.2372 0 725.52
0 7.2394 0 706.0
12 7.2432 0 697.75
9 7.2641 0 744.86
21 7.2739 0 666.615
18 7.3058 0 660.13
15 7.3145 0 668.2842
3 7.3259 0 722.75
6 7.335 0 734.34
0 7.3381 0 714.25
12 7.3417 0 705.25
9 7.3619 0 752.38
21 7.3732 0 671.685
18 7.4047 0 667.474
15 7.4126 0 676.2393
3 7.4252 0 730.25
6 7.4342 0 742.18
0 7.4372 0 721.75
12 7.4405 0 712.0
9 7.461 0 758.02
21 7.4722 0 676.755
18 7.5032 0 673.9
15 7.5116 0 683.3105
3 7.5235 0 737.0
6 7.5329 0 750.02
0 7.5354 0 728.5
12 7.5395 0 718.75
9 7.5594 0 763.66
21 7.5701 0 680.98
18 7.6024 0 678.49
15 7.6108 0 686.8461
3 7.6226 0 739.25
6 7.6321 0 751.0
0 7.6342 0 728.5
12 7.6374 0 718.0
9 7.6584 0 760.84
21 7.6692 0 677.6
18 7.7005 0 672.064
15 7.7098 0 679.7749
3 7.7215 0 732.5
6 7.7299 0 743.16
0 7.7334 0 721.0
12 7.7366 0 711.25
9 7.7579 0 755.2
21 7.7676 0 672.53
18 7.7993 0 664.72
15 7.8084 0 671.8198
3 7.8196 0 725.0
6 7.8292 0 735.32
0 7.8321 0 713.5
12 7.8347 0 704.5
9 7.8564 0 748.62
21 7.8661 0 668.305
18 7.8982 0 658.294
15 7.9069 0 663.8647
3 7.919 0 717.5
6 7.928 0 725.52
0 7.9311 0 705.25
12 7.934 0 697.0
9 7.9545 0 741.1
21 7.9654 0 663.235
18 7.997 0 650.032
15 8.0058 0 655.0257
3 8.0174 0 708.5
6 8.0267 0 716.7
0 8.0291 0 697.0
12 8.033 0 688.75
9 8.054 0 732.64
21 8.0638 0 658.165
18 8.0961 0 642.688
15 8.1038 0 645.3028
3 8.1162 0 698.75
6 8.1249 0 706.9
0 8.1278 0 688.75
12 8.1313 0 679.75
9 8.1528 0 723.24
21 8.163 0 653.095
18 8.1949 0 633.508
15 8.2034 0 635.5799
3 8.2144 0 688.25
6 8.2244 0 696.12
0 8.2272 0 679.75
12 8.2304 0 670.0
9 8.2513 0 712.9
21 8.261 0 648.025
18 8.2935 0 624.328
15 8.3016 0 624.9731
3 8.3132 0 677.0
6 8.3233 0 685.34
0 8.3265 0 670.75
12 8.3288 0 659.5
9 8.3502 0 701.62
21 8.3603 0 643.8
18 8.392 0 615.148
15 8.4004 0 612.5985
3 8.4125 0 663.5
6 8.4219 0 672.6
0 8.4239 0 661.75
12 8.4279 0 648.25
9 8.4489 0 687.52
21 8.4592 0 639.575
18 8.4904 0 604.132
15 8.4991 0 600.2239
3 8.5108 0 648.5
6 8.5201 0 659.86
0 8.5235 0 652.75
12 8.5263 0 636.25
9 8.5477 0 670.6
21 8.5573 0 636.195
18 8.5894 0 593.116
15 8.5975 0 586.9654
3 8.6092 0 632.75
6 8.6191 0 647.12
0 8.6221 0 644.5
12 8.6248 0 623.5
9 8.6464 0 651.8
21 8.656 0 633.66
18 8.6887 0 581.182
15 8.6963 0 571.9391
3 8.7082 0 614.0
6 8.7176 0 632.42
0 8.72 0 637.75
12 8.7233 0 610.0
9 8.7447 0 628.3
21 8.7548 0 631.97
18 8.7865 0 569.248
15 8.7958 0 557.7967
3 8.8073 0 594.5
6 8.8163 0 618.7
0 8.8188 0 631.75
12 8.823 0 597.25
9 8.8439 0 601.04
21 8.854 0 631.125
18 8.8862 0 559.15
15 8.8941 0 543.6543
3 8.9061 0 575.75
6 8.9156 0 605.96
0 8.9176 0 628.0
12 8.9216 0 587.5
9 8.9417 0 575.66
21 8.9527 0 630.28
18 8.9842 0 552.724
15 8.9924 0 535.6992
3 9.0048 0 563.75
6 9.0134 0 600.08
0 9.0165 0 626.5
12 9.0201 0 584.5
9 9.0405 0 569.08
21 9.0511 0 630.28
18 9.0828 0 551.806
15 9.0919 0 534.8153
3 9.1034 0 561.5
6 9.113 0 599.1
0 9.1151 0 626.5
12 9.1185 0 584.5
9 9.1396 0 569.08
21 9.1506 0 630.28
18 9.1817 0 551.806
15 9.1908 0 534.8153
3 9.2017 0 563.0
6 9.2117 0 601.06
0 9.2144 0 626.5
12 9.2173 0 585.25
9 9.2379 0 576.6
21 9.2491 0 630.28
18 9.281 0 557.314
15 9.2892 0 543.6543
3 9.3005 0 578.0
6 9.3097 0 610.86
0 9.3127 0 629.5
12 9.3163 0 593.5
9 9.3372 0 602.92
21 9.3476 0 631.125
18 9.3793 0 568.33
15 9.3878 0 558.6806
3 9.3991 0 599.75
6 9.4091 0 625.56
0 9.4118 0 634.75
12 9.415 0 606.25
9 9.4356 0 630.18
21 9.4459 0 631.97
18 9.4778 0 580.264
15 9.4864 0 573.7069
3 9.4985 0 620.0
6 9.5073 0 640.26
0 9.5104 0 642.25
12 9.5135 0 620.5
9 9.5342 0 653.68
21 9.5452 0 634.505
18 9.5764 0 592.198
15 9.5853 0 588.7332
3 9.5965 0 638.0
6 9.6059 0 653.98
0 9.6092 0 649.75
12 9.6123 0 634.0
9 9.6327 0 673.42
21 9.6439 0 637.04
18 9.675 0 604.132
15 9.6835 0 602.8756
3 9.6959 0 654.5
6 9.7053 0 667.7
0 9.7074 0 658.75
12 9.7105 0 646.75
9 9.7325 0 689.4
21 9.7425 0 641.265
18 9.7743 0 614.23
15 9.7822 0 615.2502
3 9.7943 0 668.75
6 9.8039 0 679.46
0 9.8067 0 668.5
12 9.8098 0 658.0
9 9.8306 0 702.56
21 9.8415 0 645.49
18 9.8733 0 624.328
15 9.8813 0 626.7409
3 9.8936 0 681.5
6 9.903 0 691.22
0 9.9057 0 677.5
12 9.9081 0 668.5
9 9.9298 0 714.78
21 9.9402 0 650.56
18 9.9716 0 633.508
15 9.98 0 638.2316
3 9.9922 0 692.75
6 10.0017 0 702.98
0 10.0042 0 686.5
12 10.0072 0 678.25
9 10.0277 0 725.12
21 10.0382 0 654.785
18 10.0709 0 642.688
15 10.0789 0 647.9545
3 10.0905 0 702.5
6 10.0996 0 712.78
0 10.1029 0 694.75
12 10.1057 0 687.25
9 10.1269 0 734.52
21 10.1379 0 659.855
18 10.1691 0 650.032
15 10.1784 0 656.7935
3 10.1893 0 712.25
6 10.199 0 722.58
0 10.2012 0 703.75
12 10.2043 0 695.5
9 10.226 0 742.04
21 10.2358 0 664.925
18 10.2681 0 658.294
15 10.2773 0 665.6325
3 10.2882 0 720.5
6 10.2975 0 731.4
0 10.3006 0 711.25
12 10.303 0 703.0
9 10.3244 0 749.56
21 10.3345 0 669.995
18 10.3666 0 664.72
15 10.3753 0 673.5876
3 10.3874 0 728.0
6 10.3961 0 739.24
0 10.3991 0 718.75
12 10.4022 0 709.75
9 10.4227 0 756.14
21 10.4338 0 675.065
18 10.4649 0 671.146
15 10.4748 0 680.6588
3 10.4856 0 734.75
6 10.4954 0 747.08
0 10.4979 0 726.25
12 10.5008 0 716.5
9 10.5218 0 761.78
21 10.5323 0 679.29
18 10.5637 0 677.572
15 10.573 0 687.73
3 10.5841 0 740.75
6 10.5939 0 753.94
0 10.5964 0 731.5
12 10.5998 0 721.0
9 10.6209 0 763.66
21 10.6308 0 680.135
18 10.6631 0 674.818
15 10.6716 0 682.4266
3 10.6833 0 734.75
6 10.6926 0 746.1
0 10.6946 0 724.0
12 10.6991 0 714.25
9 10.7194 0 758.02
21 10.7298 0 675.065
18 10.7613 0 668.392
15 10.7706 0 675.3554
3 10.7821 0 728.0
6 10.7908 0 738.26
0 10.794 0 716.5
12 10.7972 0 707.5
9 10.8178 0 751.44
21 10.8286 0 669.995
18 10.8599 0 661.048
15 10.8689 0 667.4003
3 10.8811 0 720.5
6 10.8896 0 729.44
0 10.8929 0 709.0
12 10.8955 0 700.0
9 10.9164 0 743.92
21 10.9269 0 664.925
18 10.9593 0 653.704
15 10.9676 0 658.5613
3 10.9798 0 712.25
6 10.9883 0 720.62
0 10.9912 0 700.75
12 10.9946 0 692.5
9 11.0161 0 736.4
21 11.0258 0 659.855
18 11.0573 0 645.442
15 11.0669 0 649.7223
3 11.078 0 702.5
6 11.0877 0 710.82
0 11.0903 0 691.75
12 11.0933 0 683.5
9 11.1146 0 727.94
21 11.1246 0 654.785
18 11.1566 0 637.18
15 11.1649 0 639.9994
3 11.1771 0 692.75
6 11.1859 0 701.02
0 11.1893 0 683.5
12 11.1916 0 674.5
9 11.2127 0 717.6
21 11.2238 0 649.715
18 11.2549 0 628.0
15 11.2645 0 629.3926
3 11.2752 0 681.5
6 11.2843 0 689.26
0 11.2871 0 674.5
12 11.291 0 664.0
9 11.3117 0 706.32
21 11.3222 0 645.49
18 11.3535 0 618.82
15 11.3624 0 617.9019
3 11.3738 0 668.75
6 11.384 0 677.5
0 11.3866 0 665.5
12 11.3895 0 653.5
9 11.4103 0 693.16
21 11.4214 0 641.265
18 11.4531 0 608.722
15 11.4619 0 605.5273
3 11.4731 0 655.25
6 11.482 0 665.74
0 11.4845 0 656.5
12 11.4878 0 641.5
9 11.5089 0 677.18
21 11.5199 0 637.04
18 11.5514 0 597.706
15 11.5598 0 592.2688
3 11.5725 0 638.75
6 11.5815 0 652.02
12 11.5872 0 628.75
9 11.6077 0 659.32
21 11.6185 0 634.505
18 11.6499 0 585.772
15 11.6595 0 578.1264
3 11.6702 0 621.5
6 11.6796 0 638.3
0 11.6822 0 640.0
12 11.6853 0 615.25
9 11.7063 0 637.7
21 11.7169 0 631.97
18 11.7488 0 573.838
15 11.7577 0 563.1001
3 11.7692 0 602.75
6 11.7788 0 624.58
0 11.7807 0 634.0
12 11.7842 0 602.5
9 11.8057 0 611.38
21 11.8159 0 631.125
18 11.8479 0 562.822
15 11.8563 0 548.9577
3 11.8674 0 582.5
6 11.8772 0 610.86
0 11.8803 0 629.5
12 11.8834 0 590.5
9 11.9042 0 584.12
21 11.9145 0 630.28
18 11.9463 0 554.56
15 11.955 0 538.3509
3 11.9664 0 566.75
6 11.9758 0 601.06
0 11.979 0 627.25
12 11.9815 0 585.25
9 12.0029 0 569.08
21 12.0129 0 630.28
18 12.0446 0 551.806
15 12.0537 0 534.8153
3 12.0652 0 561.5
6 12.0749 0 599.1
0 12.0769 0 626.5
12 12.081 0 584.5
9 12.1018 0 569.08
21 12.1122 0 630.28
18 12.1441 0 551.806
15 12.1528 0 534.8153
3 12.1645 0 562.25
6 12.1735 0 599.1
0 12.1756 0 626.5
12 12.1798 0 584.5
9 12.2006 0 570.02
21 12.2113 0 630.28
18 12.2429 0 553.642
15 12.2511 0 539.2348
3 12.2634 0 571.25
6 12.2725 0 605.96
0 12.2748 0 628.0
12 12.2784 0 589.0
9 12.2987 0 591.64
21 12.3096 0 631.125
18 12.3417 0 563.74
15 12.3506 0 552.4933
3 12.3618 0 591.5
6 12.3704 0 619.68
0 12.3735 0 632.5
12 12.3771 0 601.0
9 12.3979 0 620.78
21 12.4083 0 631.97
18 12.4401 0 575.674
15 12.449 0 568.4035
3 12.46 0 612.5
6 12.47 0 634.38
0 12.472 0 639.25
12 12.4754 0 615.25
9 12.4964 0 645.22
21 12.5074 0 633.66
18 12.5382 0 587.608
15 12.5482 0 583.4298
3 12.5588 0 631.25
6 12.5682 0 649.08
0 12.5711 0 646.75
12 12.5738 0 628.75
9 12.5956 0 665.9
21 12.6061 0 636.195
18 12.6379 0 599.542
15 12.6465 0 597.5722
3 12.6582 0 648.5
6 12.6674 0 662.8
0 12.6697 0 655.75
12 12.6727 0 642.25
9 12.6942 0 683.76
21 12.7046 0 639.575
18 12.7367 0 610.558
15 12.7446 0 610.8307
3 12.7565 0 663.5
6 12.7653 0 675.54
0 12.7683 0 664.75
12 12.7719 0 653.5
9 12.7927 0 697.86
21 12.8033 0 643.8
18 12.8349 0 620.656
15 12.8442 0 623.2053
3 12.8554 0 677.0
6 12.8642 0 687.3
0 12.8669 0 673.75
12 12.8703 0 664.75
9 12.8909 0 710.08
21 12.9016 0 648.87
18 12.9334 0 630.754
15 12.9434 0 633.8121
3 12.9541 0 688.25
6 12.9637 0 698.08
0 12.9662 0 682.75
12 12.969 0 675.25
9 12.99 0 721.36
21 13.001 0 653.095
18 13.0323 0 639.016
15 13.0418 0 644.4189
3 13.0524 0 698.75
6 13.0624 0 708.86
0 13.065 0 691.75
12 13.0684 0 684.25
9 13.0891 0 730.76
21 13.099 0 658.165
18 13.1315 0 647.278
15 13.1403 0 654.1418
3 13.1522 0 708.5
6 13.1603 0 718.66
0 13.1639 0 700.0
12 13.167 0 692.5
9 13.1881 0 739.22
21 13.1982 0 663.235
18 13.2295 0 655.54
15 13.2384 0 662.0969
3 13.2506 0 717.5
6 13.2597 0 727.48
0 13.2624 0 708.25
12 13.2655 0 700.75
9 13.2866 0 746.74
21 13.2966 0 668.305
18 13.3281 0 662.884
15 13.3379 0 670.9359
3 13.3486 0 725.0
6 13.3581 0 736.3
0 13.3609 0 716.5
12 13.3646 0 707.5
9 13.385 0 753.32
21 13.3951 0 673.375
18 13.4271 0 669.31
15 13.4361 0 678.0071
3 13.4476 0 732.5
6 13.4566 0 744.14
0 13.4598 0 723.25
12 13.4634 0 715.0
9 13.484 0 759.9
21 13.4948 0 677.6
18 13.526 0 675.736
15 13.5345 0 685.0783
3 13.5464 0 738.5
6 13.5558 0 751.98
0 13.5582 0 730.0
12 13.5614 0 720.25
9 13.5831 0 765.54
21 13.5929 0 681.825
18 13.6248 0 676.654
15 13.634 0 685.0783
3 13.6456 0 737.75
6 13.6547 0 749.04
0 13.6572 0 727.0
12 13.6601 0 717.25
9 13.6812 0 759.9
21 13.6915 0 676.755
18 13.7236 0 670.228
15 13.7329 0 678.0071
3 13.7434 0 731.0
6 13.7531 0 741.2
0 13.7556 0 719.5
12 13.7589 0 710.5
9 13.7803 0 754.26
21 13.7903 0 672.53
18 13.8221 0 663.802
15 13.8315 0 670.052
3 13.8424 0 723.5
6 13.8527 0 733.36
0 13.8547 0 712.0
12 13.8572 0 703.0
9 13.8792 0 746.74
21 13.8896 0 666.615
18 13.9213 0 656.458
15 13.9296 0 662.0969
3 13.9409 0 715.25
6 13.9503 0 724.54
0 13.9531 0 703.75
12 13.9564 0 695.5
9 13.9778 0 739.22
21 13.9877 0 661.545
18 14.0199 0 649.114
15 14.0281 0 653.2579
3 14.0397 0 706.25
6 14.0498 0 714.74
0 14.0523 0 695.5
12 14.0552 0 687.25
9 14.0765 0 730.76
21 14.0866 0 657.32
18 14.1188 0 640.852
15 14.1269 0 643.535
3 14.1389 0 696.5
6 14.1482 0 704.94
0 14.1507 0 686.5
12 14.1542 0 678.25
9 14.1752 0 721.36
21 14.1854 0 652.25
18 14.217 0 631.672
15 14.2259 0 633.8121
3 14.2378 0 686.0
6 14.247 0 694.16
0 14.2496 0 677.5
12 14.253 0 668.5
9 14.2739 0 711.02
21 14.2841 0 647.18
18 14.3161 0 622.492
15 14.3253 0 622.3214
3 14.3363 0 674.0
6 14.3453 0 682.4
0 14.3482 0 668.5
12 14.3515 0 658.0
9 14.3724 0 697.86
21 14.383 0 642.955
18 14.4147 0 612.394
15 14.4236 0 610.8307
3 14.4354 0 660.5
6 14.4447 0 670.64
0 14.4468 0 659.5
12 14.4506 0 646.75
9 14.4707 0 683.76
21 14.4818 0 638.73
18 14.5132 0 602.296
15 14.5223 0 597.5722
3 14.5339 0 645.5
6 14.5431 0 657.9
0 14.5459 0 651.25
12 14.5493 0 634.0
9 14.5703 0 666.84
21 14.5799 0 635.35
18 14.6123 0 590.362
15 14.6209 0 583.4298
3 14.6321 0 629.0
6 14.6413 0 644.18
0 14.6448 0 643.0
12 14.6479 0 621.25
9 14.6683 0 646.16
21 14.6787 0 632.815
18 14.7105 0 578.428
15 14.7193 0 569.2874
3 14.731 0 610.25
6 14.7401 0 629.48
0 14.7435 0 636.25
12 14.7469 0 607.75
9 14.768 0 622.66
21 14.7776 0 631.125
18 14.8099 0 567.412
15 14.8187 0 554.2611
3 14.8298 0 590.0
6 14.8395 0 615.76
0 14.8417 0 631.0
12 14.8446 0 595.0
9 14.8665 0 594.46
21 14.8763 0 630.28
18 14.9088 0 557.314
15 14.9175 0 541.8865
3 14.9288 0 572.0
6 14.9379 0 604.0
0 14.9411 0 627.25
9 14.9652 0 571.9
21 14.9754 0 630.28
18 15.0073 0 551.806
15 15.0159 0 534.8153
3 15.0276 0 562.25
6 15.0369 0 599.1
0 15.0398 0 626.5
12 15.0428 0 584.5
9 15.0636 0 569.08
21 15.0738 0 630.28
18 15.1061 0 551.806
15 15.1144 0 534.8153
3 15.1257 0 561.5
6 15.1356 0 599.1
0 15.1386 0 626.5
12 15.1408 0 584.5
9 15.1628 0 569.08
21 15.173 0 630.28
18 15.2048 0 551.806
15 15.2136 0 536.5831
3 15.225 0 565.25
6 15.2344 0 602.04
0 15.2371 0 627.25
12 15.2397 0 586.0
21 15.2718 0 630.28
18 15.3036 0 559.15
15 15.3126 0 547.1899
3 15.3239 0 583.25
6 15.3329 0 613.8
0 15.3352 0 631.0
12 15.3383 0 596.5
9 15.36 0 609.5
21 15.3708 0 631.125
18 15.4017 0 571.084
15 15.4104 0 562.2162
3 15.422 0 605.0
6 15.4315 0 628.5
0 15.4348 0 636.25
12 15.4374 0 610.0
9 15.4587 0 636.76
21 15.4691 0 632.815
18 15.5004 0 583.018
15 15.5094 0 577.2425
3 15.5215 0 624.5
6 15.5307 0 643.2
0 15.5331 0 643.75
12 15.5364 0 624.25
9 15.5576 0 658.38
21 15.5676 0 634.505
18 15.5995 0 594.952
15 15.6082 0 592.2688
3 15.6195 0 642.5
6 15.6293 0 656.92
0 15.6318 0 652.0
12 15.6352 0 637.0
9 15.6559 0 677.18
21 15.6669 0 637.885
18 15.6978 0 606.886
15 15.7075 0 605.5273
3 15.7184 0 658.25
6 15.7278 0 670.64
0 15.7308 0 661.0
12 15.7334 0 649.75
9 15.755 0 692.22
21 15.7648 0 642.11
18 15.7969 0 616.984
15 15.8054 0 618.7858
3 15.8177 0 671.75
6 15.827 0 682.4
0 15.8291 0 670.75
12 15.8324 0 661.0
9 15.8535 0 706.32
21 15.8638 0 646.335
18 15.896 0 627.082
15 15.9046 0 630.2765
3 15.9157 0 683.75
6 15.9255 0 694.16
0 15.9284 0 679.75
12 15.9309 0 671.5
9 15.9517 0 717.6
21 15.9627 0 651.405
18 15.9947 0 636.262
15 16.0032 0 640.8833
3 16.0144 0 695.0
6 16.0242 0 704.94
0 16.0271 0 688.75
12 16.0301 0 680.5
9 16.0504 0 727.0
21 16.0611 0 656.475
18 16.0928 0 644.524
15 16.1023 0 650.6062
3 16.1131 0 704.75
6 16.1223 0 714.74
0 16.1256 0 697.0
12 16.1286 0 689.5
9 16.1495 0 736.4
21 16.1598 0 661.545
18 16.1921 0 651.868
15 16.2012 0 659.4452
3 16.2126 0 713.75
6 16.2217 0 724.54
0 16.224 0 705.25
12 16.227 0 697.75
9 16.2488 0 743.92
21 16.2584 0 666.615
18 16.2903 0 660.13
15 16.2996 0 667.4003
3 16.3108 0 722.0
6 16.3205 0 733.36
0 16.3225 0 713.5
12 16.3264 0 705.25
9 16.3472 0 751.44
21 16.3581 0 671.685
18 16.389 0 666.556
15 16.3978 0 675.3554
3 16.4098 0 729.5
6 16.419 0 741.2
0 16.4214 0 721.0
12 16.4244 0 712.0
9 16.4462 0 757.08
21 16.4564 0 675.91
18 16.4878 0 672.982
15 16.497 0 682.4266
3 16.5083 0 736.25
6 16.5172 0 749.04
0 16.5202 0 727.75
12 16.5231 0 718.75
9 16.5449 0 763.66
21 16.555 0 680.98
18 16.5869 0 679.408
15 16.5955 0 688.6139
3 16.6075 0 740.0
6 16.6159 0 752.96
0 16.619 0 730.0
12 16.6226 0 720.25
9 16.6434 0 762.72
21 16.6534 0 679.29
18 16.6854 0 672.982
15 16.6948 0 681.5427
3 16.706 0 733.25
6 16.7153 0 745.12
0 16.7174 0 722.5
12 16.7211 0 713.5
9 16.7418 0 756.14
21 16.7521 0 674.22
18 16.7839 0 666.556
15 16.7929 0 673.5876
3 16.8044 0 726.5
6 16.8144 0 736.3
0 16.8164 0 715.0
12 16.8194 0 706.0
9 16.8411 0 749.56
21 16.8513 0 669.15
18 16.8828 0 659.212
15 16.8916 0 665.6325
3 16.903 0 718.25
6 16.9121 0 727.48
0 16.915 0 707.5
12 16.919 0 698.5
9 16.9396 0 742.98
21 16.95 0 664.08
18 16.9821 0 651.868
15 16.9906 0 656.7935
3 17.0025 0 710.0
6 17.0111 0 718.66
0 17.0135 0 699.25
12 17.0174 0 690.25
9 17.0379 0 734.52
21 17.0492 0 659.01
18 17.0806 0 643.606
15 17.089 0 647.9545
3 17.1012 0 701.0
6 17.1096 0 708.86
0 17.1129 0 690.25
12 17.1161 0 682.0
9 17.1371 0 725.12
21 17.1479 0 653.94
18 17.179 0 635.344
15 17.1883 0 637.3477
3 17.1997 0 690.5
6 17.2085 0 698.08
0 17.2113 0 681.25
12 17.2151 0 672.25
9 17.2362 0 714.78
21 17.246 0 648.87
18 17.2785 0 626.164
15 17.2867 0 626.7409
3 17.2985 0 678.5
6 17.3075 0 687.3
0 17.3107 0 672.25
12 17.313 0 661.75
9 17.3345 0 703.5
21 17.3456 0 644.645
18 17.3766 0 616.984
15 17.3861 0 615.2502
3 17.3973 0 665.75
6 17.4059 0 675.54
0 17.4088 0 663.25
12 17.4124 0 651.25
9 17.4328 0 689.4
21 17.4446 0 640.42
18 17.4751 0 605.968
15 17.4839 0 602.8756
3 17.4953 0 651.5
6 17.5044 0 662.8
0 17.5076 0 654.25
12 17.5107 0 639.25
9 17.5315 0 673.42
21 17.5424 0 636.195
18 17.5743 0 594.952
15 17.5832 0 588.7332
3 17.5947 0 635.0
6 17.6037 0 649.08
0 17.6067 0 646.0
12 17.6094 0 625.75
9 17.6307 0 654.62
21 17.6413 0 633.66
18 17.673 0 583.018
15 17.6822 0 574.5908
3 17.6932 0 617.0
6 17.7023 0 635.36
0 17.7054 0 638.5
12 17.7086 0 613.0
9 17.7294 0 632.06
21 17.7407 0 631.97
18 17.7711 0 571.084
15 17.7802 0 560.4484
3 17.7921 0 597.5
6 17.8006 0 620.66
0 17.8045 0 632.5
12 17.8075 0 599.5
9 17.8286 0 604.8
21 17.8393 0 631.125
18 17.8707 0 560.068
15 17.879 0 546.306
3 17.8911 0 578.75
6 17.8999 0 607.92
0 17.9024 0 628.75
12 17.9061 0 589.0
9 17.9265 0 578.48
21 17.9382 0 630.28
18 17.9693 0 552.724
15 17.9777 0 536.5831
3 17.9898 0 564.5
6 17.9989 0 600.08
0 18.001 0 626.5
12 18.0046 0 584.5
9 18.0256 0 569.08
21 18.0377 0 630.28
18 18.0674 0 551.806
15 18.0762 0 534.8153
3 18.0879 0 562.25
6 18.0972 0 599.1
0 18.101 0 626.5
12 18.1036 0 584.5
9 18.1239 0 569.08
21 18.1351 0 630.28
18 18.1668 0 551.806
15 18.1754 0 534.8153
3 18.1864 0 562.25
6 18.1963 0 600.08
0 18.1988 0 626.5
12 18.2022 0 585.25
9 18.2231 0 572.84
21 18.2335 0 630.28
18 18.2655 0 555.478
15 18.2738 0 541.8865
3 18.2861 0 575.0
6 18.2948 0 608.9
0 18.2975 0 628.75
12 18.3003 0 592.0
9 18.3219 0 598.22
21 18.3326 0 631.125
18 18.3638 0 566.494
15 18.3726 0 556.0289
3 18.3846 0 596.75
6 18.394 0 622.62
0 18.3962 0 634.0
12 18.3994 0 604.75
9 18.421 0 626.42
21 18.4315 0 631.97
18 18.4623 0 578.428
15 18.4718 0 571.9391
3 18.4829 0 617.0
6 18.4921 0 637.32
0 18.4949 0 640.75
12 18.4981 0 619.0
9 18.5191 0 650.86
18 18.562 0 590.362
15 18.5704 0 586.9654
3 18.5822 0 635.75
6 18.5912 0 652.02
0 18.5937 0 649.0
12 18.5972 0 632.5
9 18.6183 0 670.6
21 18.6287 0 637.04
18 18.6601 0 602.296
15 18.669 0 601.1078
3 18.681 0 652.25
6 18.6897 0 665.74
0 18.6923 0 658.0
12 18.6961 0 645.25
9 18.7164 0 686.58
21 18.7275 0 640.42
18 18.7595 0 613.312
15 18.7677 0 613.4824
3 18.7796 0 666.5
6 18.7888 0 678.48
0 18.7908 0 667.0
12 18.7945 0 656.5
9 18.8149 0 700.68
21 18.8268 0 644.645
18 18.8582 0 623.41
15 18.8666 0 625.857
3 18.8785 0 679.25
6 18.887 0 690.24
0 18.8899 0 676.0
12 18.8929 0 667.75
9 18.9139 0 712.9
21 18.9254 0 649.715
18 18.9567 0 632.59
15 18.9659 0 636.4638
3 18.9771 0 691.25
6 18.9856 0 701.02
0 18.9884 0 685.0
12 18.9922 0 677.5
9 19.0125 0 723.24
21 19.0234 0 654.785
18 19.0552 0 641.77
15 19.0637 0 647.0706
3 19.0755 0 701.0
6 19.0843 0 711.8
0 19.0876 0 694.0
12 19.0911 0 686.5
9 19.1114 0 732.64
21 19.1226 0 659.855
18 19.154 0 649.114
15 19.1628 0 655.9096
3 19.1741 0 710.75
6 19.1834 0 720.62
0 19.1865 0 702.25
12 19.1892 0 694.75
9 19.21 0 741.1
21 19.221 0 664.925
18 19.2521 0 657.376
15 19.2614 0 664.7486
3 19.273 0 719.0
6 19.2816 0 730.42
0 19.2846 0 710.5
12 19.2881 0 702.25
9 19.3087 0 748.62
21 19.3203 0 669.15
18 19.3516 0 664.72
15 19.3603 0 672.7037
3 19.3715 0 726.5
6 19.3814 0 738.26
0 19.3837 0 718.0
12 19.3865 0 709.75
9 19.4073 0 755.2
21 19.4186 0 674.22
18 19.4498 0 671.146
15 19.4592 0 679.7749
3 19.4707 0 734.0
6 19.48 0 746.1
0 19.4824 0 725.5
12 19.4852 0 716.5
9 19.5066 0 760.84
21 19.518 0 679.29
18 19.5484 0 677.572
15 19.5575 0 686.8461
3 19.5693 0 740.0
6 19.5783 0 753.94
0 19.5816 0 732.25
12 19.5844 0 722.5
9 19.605 0 764.6
21 19.616 0 680.98
18 19.6478 0 675.736
15 19.6566 0 684.1944
3 19.6681 0 736.25
6 19.6772 0 748.06
0 19.68 0 725.5
12 19.6833 0 716.5
9 19.7041 0 758.96
21 19.7145 0 675.91
18 19.7465 0 669.31
15 19.7558 0 677.1232
3 19.7671 0 729.5
6 19.7754 0 740.22
0 19.7786 0 718.0
12 19.7813 0 709.0
9 19.8025 0 752.38
21 19.814 0 670.84
18 19.8456 0 662.884
15 19.8539 0 669.1681
3 19.8655 0 722.0
6 19.875 0 731.4
12 19.8809 0 702.25
9 19.9016 0 745.8
21 19.913 0 665.77
18 19.9438 0 655.54
15 19.9531 0 660.3291
3 19.9646 0 713.75
6 19.9732 0 722.58
0 19.976 0 702.25
12 19.9795 0 694.0
9 20.0 0 737.34
21 20.0112 0 660.7
18 20.0428 0 647.278
15 20.0517 0 651.4901
3 20.0625 0 704.0
6 20.0721 0 712.78
0 20.0749 0 694.0
12 20.0775 0 685.75
9 20.0992 0 728.88
21 20.1097 0 655.63
18 20.1412 0 639.016
15 20.1504 0 641.7672
3 20.1621 0 694.25
6 20.1703 0 702.0
0 20.1735 0 685.0
12 20.1771 0 676.0
9 20.1977 0 719.48
21 20.2091 0 650.56
18 20.24 0 629.836
15 20.2485 0 631.1604
3 20.26 0 683.0
6 20.27 0 691.22
0 20.2723 0 676.0
12 20.2752 0 666.25
9 20.2967 0 708.2
21 20.307 0 646.335
18 20.3384 0 620.656
15 20.3473 0 619.6697
3 20.3593 0 671.0
6 20.3686 0 679.46
0 20.3708 0 667.0
12 20.3743 0 655.75
9 20.3954 0 695.04
21 20.4064 0 642.11
18 20.4379 0 610.558
15 20.4466 0 608.179
3 20.4577 0 657.5
6 20.4673 0 667.7
12 20.4732 0 643.75
9 20.494 0 680.0
21 20.5044 0 637.885
18 20.536 0 599.542
15 20.5449 0 594.9205
3 20.5567 0 641.75
6 20.5659 0 653.98
0 20.568 0 649.0
12 20.5711 0 631.0
9 20.5925 0 662.14
21 20.6034 0 634.505
18 20.6346 0 587.608
15 20.6442 0 580.7781
3 20.6556 0 624.5
6 20.6645 0 640.26
0 20.6675 0 641.5
12 20.6701 0 618.25
9 20.6918 0 641.46
21 20.7024 0 631.97
18 20.7342 0 575.674
15 20.7426 0 565.7518
3 20.7544 0 605.75
6 20.7636 0 626.54
0 20.7662 0 634.75
12 20.7689 0 604.75
9 20.7907 0 616.08
21 20.8013 0 631.125
18 20.8327 0 564.658
15 20.8417 0 551.6094
3 20.8529 0 585.5
6 20.862 0 612.82
0 20.8649 0 630.25
12 20.8677 0 592.75
9 20.8887 0 587.88
21 20.9003 0 630.28
18 20.9312 0 554.56
15 20.9402 0 539.2348
3 20.9516 0 569.0
6 20.9603 0 602.04
0 20.9631 0 627.25
12 20.9663 0 585.25
9 20.9873 0 570.02
21 20.999 0 630.28
18 21.03 0 551.806
15 21.0383 0 534.8153
3 21.0497 0 562.25
6 21.0591 0 599.1
0 21.0626 0 626.5
12 21.0656 0 584.5
9 21.0868 0 569.08
21 21.0969 0 630.28
18 21.1291 0 551.806
15 21.1371 0 534.8153
3 21.1487 0 561.5
6 21.1575 0 599.1
0 21.1609 0 626.5
12 21.1642 0 584.5
9 21.1853 0 569.08
21 21.196 0 630.28
18 21.2275 0 552.724
15 21.2356 0 538.3509
3 21.2481 0 568.25
6 21.2572 0 604.98
0 21.2592 0 628.0
12 21.2631 0 588.25
9 21.2842 0 586.94
21 21.295 0 630.28
18 21.3262 0 561.904
15 21.335 0 550.7255
3 21.3462 0 588.5
6 21.3551 0 617.72
0 21.3587 0 631.75
12 21.3613 0 599.5
9 21.3824 0 616.08
21 21.3937 0 631.125
18 21.4245 0 573.838
15 21.4337 0 565.7518
3 21.4451 0 609.5
6 21.4544 0 632.42
0 21.4569 0 637.75
12 21.4601 0 613.0
9 21.4813 0 641.46
21 21.4925 0 632.815
18 21.5238 0 585.772
15 21.5325 0 581.662
3 21.5436 0 629.0
6 21.5535 0 646.14
0 21.5554 0 645.25
12 21.5589 0 627.25
9 21.5805 0 663.08
21 21.5905 0 635.35
18 21.6222 0 597.706
15 21.6314 0 595.8044
3 21.6424 0 645.5
6 21.6514 0 659.86
0 21.6542 0 654.25
12 21.6578 0 640.0
9 21.6785 0 680.94
21 21.6901 0 638.73
18 21.7215 0 608.722
15 21.7298 0 609.0629
3 21.7415 0 661.25
6 21.7502 0 673.58
0 21.7536 0 663.25
12 21.7561 0 652.75
9 21.7776 0 695.98
21 21.7886 0 642.955
18 21.8198 0 619.738
15 21.8289 0 621.4375
3 21.84 0 674.75
6 21.8487 0 685.34
0 21.8522 0 673.0
12 21.8553 0 663.25
9 21.876 0 709.14
21 21.8869 0 648.025
18 21.9179 0 628.918
15 21.9273 0 632.9282
3 21.9386 0 686.75
6 21.9476 0 697.1
0 21.9502 0 682.0
12 21.9535 0 673.75
9 21.9749 0 719.48
21 21.9863 0 652.25
18 22.0168 0 638.098
15 22.0259 0 643.535
3 22.0378 0 697.25
6 22.0464 0 707.88
0 22.0493 0 691.0
12 22.0521 0 683.5
9 22.074 0 729.82
21 22.0843 0 657.32
18 22.1157 0 646.36
15 22.1244 0 652.374
3 22.1365 0 707.0
6 22.145 0 717.68
0 22.1487 0 699.25
12 22.1516 0 691.75
9 22.1725 0 738.28
21 22.1831 0 662.39
18 22.2145 0 654.622
15 22.2236 0 661.213
3 22.2352 0 716.0
6 22.2445 0 726.5
0 22.2469 0 707.5
12 22.2497 0 700.0
9 22.2706 0 745.8
21 22.2815 0 667.46
18 22.3132 0 661.966
15 22.3217 0 670.052
3 22.3333 0 723.5
6 22.3433 0 735.32
0 22.346 0 715.0
12 22.3484 0 706.75
9 22.3698 0 752.38
21 22.3805 0 672.53
18 22.4116 0 668.392
15 22.4214 0 677.1232
3 22.4321 0 731.0
6 22.4416 0 743.16
0 22.4448 0 722.5
12 22.4479 0 713.5
9 22.4683 0 758.96
21 22.4796 0 677.6
18 22.5104 0 674.818
15 22.5198 0 684.1944
3 22.5312 0 737.75
6 22.5405 0 751.0
0 22.5431 0 730.0
12 22.5464 0 720.25
9 22.5675 0 764.6
21 22.5786 0 682.67
18 22.6091 0 678.49
15 22.618 0 686.8461
3 22.6296 0 738.5
6 22.6395 0 751.0
0 22.6416 0 728.5
12 22.6455 0 718.75
9 22.6657 0 760.84
21 22.6771 0 678.445
18 22.7081 0 672.064
15 22.7166 0 679.7749
3 22.729 0 731.75
6 22.738 0 743.16
0 22.7408 0 721.0
12 22.7439 0 712.0
9 22.7652 0 755.2
21 22.7755 0 673.375
18 22.8073 0 665.638
15 22.8162 0 671.8198
3 22.827 0 725.0
6 22.8368 0 734.34
0 22.8392 0 713.5
12 22.8421 0 705.25
9 22.8638 0 748.62
21 22.8748 0 668.305
18 22.9063 0 658.294
15 22.9147 0 663.8647
3 22.9261 0 716.75
6 22.9355 0 725.52
0 22.9375 0 705.25
12 22.9412 0 697.0
9 22.9621 0 741.1
21 22.9736 0 663.235
18 23.0045 0 650.032
15 23.0137 0 655.0257
3 23.0245 0 707.75
6 23.034 0 716.7
0 23.0366 0 697.0
12 23.0394 0 688.75
9 23.0607 0 732.64
21 23.0721 0 658.165
18 23.1037 0 642.688
15 23.1124 0 646.1867
3 23.1236 0 698.0
6 23.1326 0 706.9
0 23.1358 0 688.75
12 23.1388 0 679.75
9 23.1599 0 723.24
21 23.1711 0 653.095
18 23.2019 0 633.508
15 23.2117 0 635.5799
3 23.2219 0 687.5
6 23.2319 0 696.12
0 23.234 0 679.75
12 23.2376 0 670.75
9 23.2583 0 712.9
21 23.2694 0 648.025
18 23.3011 0 624.328
15 23.3096 0 624.9731
3 23.3212 0 675.5
6 23.3306 0 684.36
0 23.3335 0 670.0
12 23.3364 0 660.25
9 23.357 0 700.68
21 23.3683 0 643.8
18 23.3991 0 614.23
15 23.4079 0 612.5985
3 23.4197 0 662.75
6 23.4288 0 672.6
0 23.4315 0 661.0
12 23.4349 0 648.25
9 23.4556 0 685.64
21 23.467 0 639.575
18 23.498 0 604.132
15 23.5065 0 600.2239
3 23.5189 0 647.75
6 23.5281 0 659.86
0 23.5305 0 652.0
12 23.5333 0 636.25
9 23.5552 0 669.66
21 23.566 0 636.195
18 23.5967 0 592.198
15 23.6058 0 586.0815
3 23.6171 0 631.25
6 23.6261 0 646.14
0 23.6291 0 644.5
12 23.6318 0 623.5
9 23.6535 0 649.92
21 23.6641 0 632.815
18 23.6954 0 580.264
15 23.7041 0 571.9391
3 23.7158 0 612.5
6 23.7249 0 631.44
0 23.7273 0 637.0
12 23.7313 0 610.0
9 23.7526 0 626.42
21 23.7632 0 631.125
18 23.7948 0 569.248
15 23.8028 0 556.9128
3 23.8142 0 593.0
6 23.8242 0 617.72
0 23.8267 0 631.75
12 23.8302 0 596.5
9 23.8513 0 598.22
21 23.8616 0 630.28
18 23.8931 0 558.232
3 23.9139 0 574.25
6 23.9231 0 605.96
0 23.9259 0 628.0
12 23.9281 0 587.5
9 23.9493 0 573.78
21 23.9601 0 630.28
18 23.9915 0 551.806
15 24.0008 0 535.6992
3 24.0126 0 563.0
6 24.021 0 599.1
0 24.0244 0 626.5
12 24.0269 0 584.5
9 24.0484 0 568.14
21 24.0597 0 630.28
18 24.0906 0 551.806
15 24.0999 0 534.8153
3 24.1109 0 561.5
6 24.1195 0 599.1
0 24.1233 0 626.5
9 24.1466 0 568.14
21 24.1582 0 630.28
18 24.1891 0 551.806
15 24.1981 0 535.6992
3 24.2092 0 563.75
6 24.2184 0 601.06
0 24.2219 0 626.5
12 24.2246 0 585.25
9 24.2458 0 577.54
21 24.2572 0 630.28
18 24.2882 0 557.314
15 24.2971 0 545.4221
3 24.3083 0 579.5
6 24.3171 0 611.84
0 24.3203 0 630.25
12 24.3231 0 594.25
9 24.3448 0 604.8
21 24.3553 0 631.125
18 24.3865 0 569.248
15 24.3954 0 559.5645
3 24.407 0 601.25
6 24.4161 0 626.54
0 24.4195 0 635.5
12 24.4224 0 607.75
9 24.4429 0 632.06
21 24.4539 0 631.97
18 24.4856 0 581.182
15 24.4946 0 575.4747
3 24.5063 0 621.5
6 24.5147 0 641.24
0 24.5174 0 642.25
12 24.5213 0 622.0
9 24.5421 0 655.56
21 24.5526 0 634.505
18 24.5848 0 593.116
15 24.5932 0 590.501
3 24.6043 0 639.5
6 24.6133 0 654.96
0 24.6164 0 650.5
12 24.6196 0 635.5
9 24.6406 0 674.36
21 24.6514 0 637.885
18 24.6835 0 605.05
15 24.6916 0 603.7595
3 24.7038 0 655.25
6 24.7126 0 668.68
0 24.7151 0 659.5
12 24.7183 0 648.25
9 24.7394 0 690.34
21 24.7507 0 642.11
18 24.7818 0 616.066
15 24.7901 0 617.018
3 24.8024 0 669.5
6 24.8115 0 680.44
0 24.8134 0 669.25
12 24.817 0 659.5
9 24.8382 0 703.5
21 24.849 0 646.335
18 24.8807 0 626.164
15 24.8897 0 628.5087
3 24.9011 0 682.25
6 24.9099 0 692.2
0 24.9129 0 678.25
12 24.9153 0 670.0
9 24.9374 0 715.72
21 24.9476 0 651.405
18 24.9801 0 635.344
15 24.9885 0 639.1155
3 25.0001 0 693.5
6 25.0088 0 703.96
0 25.0111 0 687.25
12 25.0144 0 679.75
9 25.0355 0 726.06
21 25.047 0 656.475
18 25.0784 0 643.606
15 25.0862 0 649.7223
3 25.0981 0 703.25
6 25.1078 0 713.76
0 25.1102 0 696.25
12 25.1132 0 688.75
9 25.134 0 734.52
21 25.1459 0 661.545
18 25.1767 0 651.868
15 25.1858 0 658.5613
3 25.1972 0 713.0
6 25.2057 0 722.58
0 25.2086 0 704.5
12 25.2123 0 697.0
9 25.233 0 742.98
21 25.2443 0 666.615
18 25.2756 0 659.212
15 25.2845 0 666.5164
3 25.2953 0 720.5
6 25.3052 0 732.38
0 25.3078 0 712.75
12 25.3108 0 704.5
9 25.332 0 749.56
21 25.343 0 671.685
18 25.374 0 666.556
15 25.3825 0 674.4715
3 25.394 0 728.0
6 25.4033 0 740.22
0 25.4061 0 720.25
12 25.4094 0 711.25
9 25.4301 0 756.14
21 25.4412 0 675.91
18 25.473 0 672.982
15 25.4816 0 682.4266
3 25.4927 0 735.5
6 25.5026 0 748.06
0 25.505 0 727.0
12 25.508 0 718.0
9 25.5296 0 762.72
21 25.5401 0 680.98
18 25.5713 0 679.408
15 25.5806 0 688.6139
3 25.5914 0 740.75
6 25.6013 0 753.94
0 25.6037 0 731.5
12 25.6073 0 721.75
9 25.6284 0 762.72
21 25.6391 0 680.98
18 25.6704 0 674.818
15 25.6787 0 683.3105
3 25.6903 0 734.75
6 25.7004 0 746.1
0 25.703 0 724.0
12 25.7061 0 715.0
9 25.7266 0 757.08
21 25.7375 0 675.91
18 25.7693 0 668.392
15 25.7778 0 675.3554
3 25.7895 0 727.25
6 25.7988 0 738.26
0 25.8013 0 716.5
12 25.804 0 708.25
9 25.8255 0 750.5
21 25.8366 0 670.84
18 25.8685 0 661.966
15 25.8769 0 667.4003
3 25.8881 0 719.75
6 25.8968 0 729.44
0 25.8996 0 709.0
12 25.9032 0 700.75
9 25.9243 0 743.92
21 25.9354 0 665.77
18 25.9669 0 653.704
15 25.9755 0 659.4452
3 25.9871 0 711.5
6 25.9964 0 719.64
0 25.9984 0 700.75
12 26.0023 0 692.5
9 26.0234 0 735.46
21 26.034 0 660.7
18 26.0648 0 646.36
15 26.0737 0 649.7223
3 26.0859 0 702.5
6 26.0946 0 710.82
0 26.0978 0 691.75
12 26.1009 0 683.5
9 26.1218 0 727.0
21 26.1325 0 654.785
18 26.1639 0 637.18
15 26.1723 0 639.9994
3 26.184 0 692.0
6 26.1934 0 700.04
0 26.1957 0 682.75
12 26.1995 0 674.5
9 26.2209 0 716.66
21 26.2314 0 650.56
18 26.2629 0 628.0
15 26.2714 0 629.3926
3 26.2828 0 680.75
6 26.2924 0 689.26
0 26.2944 0 673.75
12 26.2979 0 664.0
9 26.3195 0 705.38
21 26.3298 0 645.49
18 26.3611 0 618.82
15 26.3699 0 617.9019
3 26.3822 0 668.0
6 26.3914 0 677.5
0 26.3937 0 664.75
12 26.3965 0 653.5
9 26.4185 0 692.22
21 26.4286 0 641.265
18 26.4597 0 608.722
15 26.4685 0 605.5273
3 26.4803 0 653.75
6 26.4893 0 664.76
0 26.4924 0 655.75
12 26.4956 0 641.5
9 26.5172 0 676.24
21 26.5273 0 637.04
18 26.5586 0 596.788
15 26.5675 0 591.3849
3 26.5795 0 638.0
6 26.5888 0 651.04
0 26.5916 0 647.5
12 26.594 0 628.75
9 26.6159 0 657.44
21 26.6267 0 634.505
18 26.6576 0 585.772
15 26.6661 0 577.2425
3 26.6778 0 620.0
6 26.687 0 637.32
0 26.6903 0 640.0
12 26.6935 0 615.25
9 26.7139 0 635.82
21 26.7252 0 631.97
18 26.7567 0 573.838
15 26.7654 0 562.2162
3 26.777 0 600.5
6 26.7861 0 622.62
0 26.789 0 633.25
12 26.7915 0 601.75
9 26.8125 0 609.5
21 26.8237 0 631.125
18 26.8553 0 561.904
15 26.8642 0 548.0738
3 26.8751 0 581.0
6 26.8844 0 609.88
0 26.8868 0 628.75
12 26.89 0 590.5
9 26.9112 0 582.24
21 26.9229 0 630.28
18 26.9539 0 553.642
15 26.9622 0 537.467
3 26.9743 0 566.0
6 26.9833 0 601.06
0 26.9863 0 626.5
12 26.9895 0 585.25
9 27.0106 0 569.08
21 27.0216 0 630.28
18 27.0524 0 551.806
15 27.061 0 534.8153
3 27.073 0 561.5
6 27.0818 0 599.1
12 27.0876 0 584.5
9 27.1092 0 568.14
21 27.1204 0 630.28
18 27.1509 0 551.806
15 27.1609 0 534.8153
3 27.1719 0 562.25
6 27.1805 0 599.1
0 27.1833 0 626.5
12 27.1866 0 584.5
9 27.2082 0 570.96
21 27.219 0 630.28
18 27.2499 0 554.56
15 27.2593 0 540.1187
3 27.2701 0 572.0
6 27.2797 0 606.94
0 27.2818 0 628.75
12 27.2857 0 590.5
9 27.3064 0 593.52
21 27.3177 0 631.125
18 27.3482 0 564.658
15 27.3579 0 554.2611
3 27.3696 0 593.0
6 27.3778 0 620.66
12 27.3837 0 602.5
9 27.4054 0 622.66
21 27.4158 0 631.97
18 27.4471 0 576.592
15 27.4568 0 569.2874
3 27.4679 0 614.0
6 27.4774 0 635.36
0 27.4795 0 639.25
12 27.4834 0 616.75
9 27.5037 0 647.1
21 27.5149 0 633.66
18 27.5467 0 589.444
15 27.5548 0 585.1976
3 27.5664 0 632.75
6 27.5754 0 650.06
0 27.5781 0 647.5
12 27.5816 0 630.25
9 27.6024 0 666.84
21 27.614 0 636.195
18 27.6453 0 601.378
15 27.6535 0 599.34
3 27.6657 0 649.25
6 27.6748 0 663.78
0 27.6769 0 656.5
12 27.6807 0 643.0
9 27.7013 0 684.7
21 27.7121 0 640.42
18 27.7443 0 612.394
15 27.7529 0 612.5985
3 27.7637 0 664.25
6 27.773 0 676.52
0 27.7756 0 665.5
12 27.779 0 655.0
9 27.7998 0 698.8
21 27.8119 0 644.645
18 27.8421 0 622.492
15 27.8517 0 624.0892
3 27.8626 0 677.75
6 27.8716 0 688.28
0 27.8745 0 674.5
12 27.8777 0 666.25
9 27.8991 0 711.02
21 27.9096 0 648.87
18 27.941 0 631.672
15 27.9498 0 635.5799
3 27.9618 0 689.0
6 27.9704 0 699.06
0 27.9732 0 684.25
12 27.9766 0 676.0
9 27.9976 0 722.3
21 28.0084 0 653.94
18 28.0399 0 640.852
15 28.0488 0 645.3028
3 28.0606 0 699.5
6 28.0689 0 709.84
0 28.0725 0 692.5
12 28.0753 0 685.75
9 28.0969 0 731.7
21 28.1068 0 659.01
18 28.1388 0 649.114
15 28.1478 0 655.0257
3 28.1595 0 709.25
6 28.1686 0 719.64
0 28.1712 0 701.5
12 28.1738 0 694.0
9 28.1953 0 740.16
21 28.2061 0 664.08
18 28.2371 0 656.458
15 28.2461 0 663.8647
3 28.2582 0 717.5
6 28.2665 0 728.46
0 28.2695 0 709.75
12 28.2726 0 701.5
9 28.2935 0 747.68
21 28.3045 0 669.995
18 28.3357 0 663.802
15 28.345 0 671.8198
3 28.3566 0 725.75
6 28.3658 0 737.28
0 28.368 0 717.25
12 28.3719 0 709.0
9 28.3925 0 754.26
21 28.4033 0 674.22
18 28.4348 0 670.228
15 28.4431 0 679.7749
3 28.4549 0 732.5
6 28.4645 0 745.12
0 28.4673 0 724.75
12 28.4703 0 715.75
9 28.4913 0 759.9
21 28.5027 0 679.29
18 28.5336 0 676.654
15 28.5418 0 686.8461
3 28.5543 0 739.25
6 28.5627 0 752.96
0 28.5656 0 731.5
12 28.5692 0 721.75
9 28.5903 0 765.54
21 28.6007 0 682.67
18 28.6324 0 677.572
15 28.641 0 685.9622
3 28.6524 0 737.0
6 28.6618 0 749.04
0 28.6641 0 727.0
12 28.6679 0 717.25
9 28.6889 0 759.9
21 28.6995 0 677.6
18 28.7314 0 671.146
15 28.7394 0 678.891
3 28.7511 0 730.25
6 28.7607 0 741.2
0 28.7629 0 719.5
12 28.7663 0 710.5
9 28.7872 0 753.32
21 28.7987 0 672.53
18 28.8297 0 664.72
15 28.8389 0 670.9359
3 28.8496 0 722.75
6 28.8592 0 732.38
0 28.8615 0 712.0
12 28.8646 0 703.75
9 28.8861 0 746.74
21 28.8968 0 667.46
18 28.9284 0 657.376
15 28.9373 0 662.0969
3 28.9493 0 714.5
6 28.9576 0 723.56
0 28.9604 0 703.75
12 28.9637 0 695.5
9 28.9848 0 739.22
21 28.9959 0 662.39
18 29.0277 0 649.114
15 29.0356 0 653.2579
3 29.0472 0 705.5
6 29.0567 0 714.74
0 29.0594 0 695.5
12 29.0628 0 687.25
9 29.0835 0 730.76
21 29.0944 0 657.32
18 29.1259 0 640.852
15 29.1348 0 643.535
3 29.1465 0 695.75
6 29.1554 0 703.96
0 29.1577 0 686.5
12 29.1613 0 678.25
9 29.1827 0 720.42
21 29.1934 0 652.25
18 29.2243 0 632.59
15 29.2334 0 633.8121
3 29.245 0 685.25
6 29.254 0 693.18
0 29.2568 0 677.5
12 29.2598 0 668.5
9 29.2813 0 710.08
21 29.2921 0 647.18
18 29.3237 0 622.492
15 29.3323 0 622.3214
3 29.3443 0 672.5
6 29.3526 0 681.42
0 29.3559 0 668.5
12 29.3584 0 658.0
9 29.3803 0 696.92
21 29.3908 0 642.955
18 29.4223 0 612.394
15 29.4305 0 609.9468
3 29.4424 0 659.0
6 29.4519 0 669.66
0 29.4538 0 659.5
12 29.4571 0 646.0
9 29.4789 0 682.82
21 29.49 0 638.73
18 29.5207 0 601.378
15 29.5293 0 597.5722
3 29.5417 0 644.0
6 29.5501 0 656.92
0 29.5535 0 650.5
12 29.5562 0 633.25
9 29.5776 0 664.96
21 29.5879 0 635.35
18 29.6205 0 590.362
15 29.6287 0 583.4298
3 29.6396 0 626.75
6 29.6494 0 643.2
12 29.6548 0 620.5
9 29.6757 0 644.28
21 29.6875 0 632.815
18 29.7187 0 578.428
15 29.7274 0 568.4035
3 29.7386 0 608.0
6 29.7477 0 628.5
12 29.7539 0 607.0
9 29.7752 0 619.84
21 29.7857 0 631.125
18 29.8168 0 566.494
15 29.8262 0 553.3772
3 29.8373 0 588.5
6 29.8465 0 614.78
12 29.8526 0 594.25
9 29.8735 0 591.64
21 29.884 0 631.125
18 29.9157 0 556.396
15 29.925 0 541.0026
3 29.936 0 570.5
6 29.9448 0 604.0
0 29.9477 0 627.25
12 29.9515 0 586.0
9 29.9727 0 570.96
21 29.983 0 630.28
18 30.0141 0 551.806
15 30.0236 0 535.6992
3 30.035 0 562.25
6 30.0436 0 599.1
0 30.0472 0 626.5
12 30.0498 0 584.5
9 30.071 0 569.08
21 30.0817 0 630.28
18 30.1128 0 551.806
15 30.1223 0 534.8153
3 30.1335 0 561.5
6 30.1422 0 599.1
12 30.1488 0 584.5
9 30.1698 0 569.08
21 30.1809 0 630.28
18 30.2116 0 552.724
15 30.2205 0 536.5831
3 30.2329 0 566.0
6 30.2415 0 603.02
0 30.2445 0 627.25
12 30.2469 0 586.75
9 30.2693 0 583.18
21 30.2795 0 630.28
18 30.3107 0 560.068
15 30.3197 0 548.0738
3 30.3312 0 584.75
6 30.3404 0 614.78
0 30.3428 0 631.0
12 30.3463 0 597.25
9 30.3669 0 611.38
21 30.378 0 631.125
18 30.4095 0 572.002
15 30.4187 0 563.984
3 30.4303 0 605.75
6 30.4389 0 629.48
0 30.4421 0 637.0
12 30.4451 0 611.5
9 30.4655 0 637.7
21 30.4773 0 632.815
18 30.5078 0 584.854
15 30.5169 0 579.0103
3 30.5281 0 626.0
6 30.5378 0 644.18
0 30.5403 0 644.5
12 30.5433 0 625.0
21 30.5751 0 635.35
18 30.6068 0 596.788
15 30.6162 0 594.0366
3 30.6269 0 643.25
6 30.6366 0 657.9
0 30.6388 0 652.75
12 30.6425 0 638.5
9 30.664 0 678.12
21 30.6739 0 638.73
18 30.7059 0 607.804
15 30.7143 0 607.2951
3 30.7261 0 659.0
6 30.7354 0 671.62
0 30.7373 0 661.75
12 30.7408 0 650.5
9 30.7619 0 693.16
21 30.7727 0 642.955
18 30.805 0 618.82
15 30.8136 0 619.6697
3 30.8243 0 672.5
6 30.8338 0 683.38
0 30.837 0 671.5
12 30.8394 0 662.5
9 30.8612 0 706.32
21 30.8714 0 647.18
18 30.9036 0 628.0
15 30.9117 0 631.1604
3 30.9241 0 684.5
6 30.9322 0 695.14
0 30.9349 0 680.5
12 30.9383 0 672.25
9 30.9594 0 718.54
21 30.9711 0 652.25
18 31.0019 0 637.18
15 31.0104 0 641.7672
3 31.0223 0 695.75
6 31.0317 0 705.92
0 31.0337 0 689.5
12 31.0377 0 682.0
9 31.0589 0 727.94
21 31.0694 0 657.32
18 31.1009 0 646.36
15 31.1092 0 651.4901
3 31.1213 0 705.5
6 31.1305 0 715.72
0 31.1328 0 698.5
12 31.1357 0 691.0
21 31.168 0 662.39
18 31.1996 0 653.704
15 31.208 0 660.3291
3 31.2194 0 714.5
6 31.2288 0 725.52
0 31.2317 0 706.75
12 31.2347 0 698.5
9 31.2561 0 744.86
21 31.2669 0 667.46
18 31.298 0 661.048
15 31.3068 0 669.1681
3 31.3184 0 722.75
6 31.3272 0 734.34
12 31.3329 0 706.0
9 31.355 0 751.44
21 31.3653 0 672.53
18 31.3968 0 668.392
15 31.4057 0 676.2393
3 31.4176 0 729.5
6 31.4262 0 742.18
0 31.4288 0 721.75
12 31.4325 0 713.5
9 31.4529 0 758.02
21 31.464 0 677.6
18 31.4962 0 674.818
15 31.5039 0 684.1944
3 31.516 0 737.0
6 31.5252 0 750.02
12 31.5306 0 719.5
9 31.5524 0 763.66
21 31.5626 0 682.67
18 31.594 0 680.326
15 31.6034 0 688.6139
3 31.6149 0 739.25
6 31.6233 0 751.98
0 31.6268 0 730.0
12 31.6292 0 720.25
9 31.651 0 761.78
21 31.6616 0 680.135
18 31.6932 0 673.9
15 31.7022 0 681.5427
3 31.7129 0 733.25
6 31.7226 0 744.14
0 31.7254 0 722.5
12 31.7282 0 713.5
9 31.7491 0 756.14
21 31.7602 0 675.065
18 31.792 0 667.474
15 31.8002 0 673.5876
3 31.8118 0 725.75
6 31.8208 0 736.3
0 31.8236 0 715.0
12 31.8272 0 706.75
9 31.8483 0 749.56
21 31.8589 0 669.995
18 31.8908 0 660.13
15 31.8994 0 665.6325
3 31.9112 0 717.5
6 31.9197 0 727.48
12 31.9254 0 698.5
9 31.9465 0 742.04
21 31.9574 0 664.925
18 31.9896 0 652.786
15 31.9979 0 656.7935
3 32.0097 0 709.25
6 32.0183 0 717.68
12 32.0241 0 691.0
9 32.0455 0 733.58
21 32.0568 0 659.01
18 32.0883 0 644.524
15 32.0966 0 647.9545
3 32.1082 0 699.5
6 32.1174 0 707.88
0 32.1206 0 690.25
12 32.1238 0 682.0
9 32.1447 0 725.12
21 32.1554 0 653.94
18 32.1865 0 635.344
15 32.1952 0 638.2316
3 32.2072 0 689.0
6 32.2164 0 698.08
0 32.2184 0 681.25
12 32.222 0 672.25
9 32.2433 0 714.78
21 32.2547 0 649.715
18 32.2859 0 626.164
15 32.2942 0 626.7409
3 32.3059 0 677.75
6 32.3148 0 686.32
0 32.3177 0 672.25
12 32.3212 0 661.75
9 32.3421 0 702.56
21 32.3532 0 644.645
18 32.3844 0 616.984
15 32.393 0 615.2502
3 32.4044 0 664.25
6 32.4138 0 674.56
0 32.4163 0 662.5
12 32.419 0 650.5
9 32.4403 0 688.46
21 32.4516 0 640.42
18 32.4831 0 605.968
15 32.4916 0 602.8756
3 32.5033 0 650.0
6 32.5121 0 661.82
0 32.5153 0 653.5
12 32.5179 0 638.5
9 32.5399 0 672.48
21 32.5499 0 637.04
18 32.5816 0 594.952
15 32.5902 0 588.7332
3 32.6025 0 633.5
6 32.6114 0 648.1
0 32.6137 0 645.25
12 32.6173 0 625.75
9 32.6379 0 653.68
21 32.6491 0 633.66
18 32.6801 0 583.018
15 32.6887 0 574.5908
3 32.7004 0 615.5
6 32.7103 0 634.38
0 32.7122 0 638.5
12 32.7155 0 612.25
9 32.7367 0 630.18
21 32.7482 0 631.97
18 32.7789 0 571.084
15 32.7881 0 559.5645
3 32.7998 0 596.0
6 32.8087 0 619.68
0 32.8115 0 632.5
12 32.8143 0 598.75
9 32.8357 0 602.92
21 32.8462 0 631.125
18 32.8777 0 560.068
15 32.8867 0 545.4221
3 32.8983 0 577.25
6 32.9073 0 606.94
0 32.9099 0 628.75
12 32.9135 0 588.25
9 32.9343 0 576.6
21 32.9456 0 631.125
18 32.9761 0 552.724
15 32.9854 0 536.5831
3 32.9972 0 563.75
6 33.006 0 600.08
0 33.0087 0 626.5
12 33.0121 0 585.25
9 33.0333 0 569.08
21 33.0443 0 631.125
18 33.0759 0 551.806
15 33.0844 0 535.6992
3 33.0962 0 561.5
6 33.105 0 599.1
0 33.107 0 626.5
12 33.1109 0 585.25
9 33.1313 0 569.08
21 33.1432 0 631.125
18 33.1745 0 551.806
15 33.1825 0 535.6992
3 33.1944 0 562.25
6 33.204 0 600.08
0 33.2066 0 626.5
12 33.2097 0 585.25
9 33.2309 0 574.72
21 33.2417 0 631.125
18 33.2731 0 556.396
15 33.2811 0 543.6543
3 33.2928 0 576.5
6 33.3019 0 609.88
0 33.3045 0 629.5
12 33.3082 0 592.75
9 33.3291 0 600.1
21 33.34 0 631.125
18 33.3716 0 567.412
15 33.3799 0 557.7967
3 33.392 0 597.5
6 33.4011 0 624.58
0 33.4033 0 634.75
12 33.407 0 606.25
9 33.4282 0 628.3
21 33.4388 0 631.97
18 33.47 0 580.264
15 33.4792 0 573.7069
3 33.4904 0 618.5
6 33.4994 0 639.28
0 33.5022 0 641.5
12 33.5055 0 619.75
9 33.5266 0 651.8
21 33.5373 0 634.505
18 33.5693 0 592.198
15 33.5781 0 588.7332
3 33.5896 0 636.5
6 33.5988 0 653.0
0 33.6015 0 649.75
12 33.6048 0 634.0
9 33.6258 0 671.54
21 33.636 0 637.885
18 33.6676 0 604.132
15 33.6767 0 602.8756
3 33.6878 0 653.0
6 33.6971 0 666.72
0 33.6997 0 658.75
12 33.7035 0 646.0
9 33.7247 0 687.52
21 33.7352 0 641.265
18 33.7661 0 615.148
15 33.7751 0 615.2502
3 33.7868 0 667.25
6 33.7959 0 679.46
0 33.7986 0 667.75
12 33.8021 0 658.0
9 33.8225 0 701.62
21 33.8334 0 646.335
18 33.8654 0 624.328
15 33.8735 0 627.6248
3 33.8855 0 680.0
6 33.8952 0 691.22
0 33.8974 0 676.75
12 33.9 0 668.5
9 33.9212 0 713.84
21 33.9324 0 650.56
18 33.9645 0 634.426
15 33.9724 0 638.2316
3 33.9845 0 692.0
6 33.9935 0 702.0
0 33.9957 0 686.5
12 33.9991 0 678.25
9 34.0208 0 724.18
21 34.0318 0 655.63
18 34.063 0 642.688
15 34.0709 0 647.9545
3 34.0836 0 701.75
6 34.0918 0 711.8
0 34.0952 0 694.75
12 34.0983 0 687.25
9 34.1186 0 733.58
21 34.1303 0 660.7
18 34.1613 0 650.95
15 34.1696 0 657.6774
3 34.1821 0 710.75
6 34.1914 0 721.6
0 34.1936 0 703.0
12 34.1962 0 696.25
9 34.2174 0 742.04
21 34.2283 0 665.77
18 34.2599 0 658.294
15 34.2684 0 665.6325
3 34.28 0 719.75
6 34.2898 0 730.42
0 34.292 0 711.25
12 34.2951 0 703.75
9 34.317 0 748.62
21 34.3279 0 670.84
18 34.3593 0 665.638
15 34.368 0 673.5876
3 34.3797 0 727.25
6 34.3887 0 739.24
0 34.3905 0 718.75
12 34.3945 0 710.5
9 34.4157 0 755.2
21 34.4265 0 675.91
18 34.4572 0 672.064
15 34.4668 0 681.5427
3 34.478 0 734.0
6 34.4871 0 747.08
0 34.4901 0 726.25
12 34.4933 0 717.25
9 34.5135 0 761.78
21 34.5253 0 680.98
18 34.5564 0 678.49
15 34.5656 0 687.73
3 34.5766 0 740.0
6 34.586 0 753.94
0 34.5881 0 732.25
12 34.5916 0 722.5
9 34.6129 0 763.66
21 34.6241 0 681.825
18 34.6553 0 675.736
15 34.6636 0 684.1944
3 34.676 0 735.5
6 34.685 0 747.08
0 34.6874 0 725.5
12 34.6906 0 715.75
9 34.7117 0 758.02
21 34.7228 0 676.755
18 34.7533 0 669.31
15 34.7628 0 677.1232
3 34.7739 0 728.75
6 34.7836 0 739.24
0 34.7861 0 718.0
12 34.7895 0 709.0
9 34.8103 0 751.44
21 34.8211 0 671.685
18 34.852 0 662.884
15 34.8608 0 669.1681
3 34.8727 0 721.25
6 34.8822 0 730.42
0 34.8851 0 710.5
12 34.8882 0 700.75
9 34.9089 0 744.86
21 34.9194 0 666.615
18 34.9511 0 655.54
15 34.9599 0 661.213
3 34.9713 0 713.0
6 34.9808 0 721.6
0 34.9833 0 702.25
12 34.9871 0 694.0
9 35.0072 0 736.4
21 35.0182 0 661.545
18 35.0505 0 647.278
15 35.0591 0 651.4901
3 35.0699 0 704.0
6 35.0793 0 711.8
0 35.0823 0 694.0
12 35.0856 0 685.0
9 35.106 0 727.94
21 35.1177 0 656.475
18 35.1484 0 639.016
15 35.1573 0 641.7672
3 35.1695 0 693.5
6 35.1777 0 702.0
0 35.1809 0 685.0
12 35.1836 0 676.0
9 35.205 0 718.54
21 35.2158 0 651.405
18 35.2479 0 630.754
15 35.2557 0 631.1604
3 35.2679 0 683.0
6 35.2771 0 691.22
0 35.2801 0 676.0
12 35.2823 0 666.25
9 35.3042 0 707.26
21 35.315 0 646.335
18 35.3467 0 620.656
15 35.3548 0 619.6697
3 35.3665 0 670.25
6 35.3761 0 679.46
0 35.3781 0 666.25
12 35.3819 0 655.0
9 35.4022 0 694.1
21 35.4137 0 642.11
18 35.4446 0 610.558
15 35.4532 0 607.2951
3 35.4649 0 656.0
6 35.4745 0 666.72
0 35.4775 0 657.25
12 35.4798 0 643.75
9 35.5016 0 678.12
21 35.5119 0 638.73
18 35.5434 0 599.542
15 35.5527 0 594.0366
3 35.5642 0 640.25
6 35.5734 0 653.98
0 35.5752 0 649.0
12 35.5787 0 631.0
9 35.6002 0 660.26
21 35.6109 0 635.35
18 35.6427 0 587.608
15 35.6506 0 579.8942
3 35.6633 0 623.0
6 35.6716 0 639.28
0 35.6748 0 640.75
12 35.6774 0 617.5
9 35.6988 0 639.58
21 35.7099 0 632.815
18 35.7412 0 575.674
15 35.7497 0 564.8679
3 35.762 0 604.25
6 35.7708 0 625.56
0 35.773 0 634.75
12 35.7761 0 604.0
9 35.7978 0 613.26
21 35.8083 0 631.125
18 35.8403 0 563.74
15 35.8487 0 550.7255
3 35.8605 0 584.0
6 35.8688 0 611.84
0 35.8717 0 629.5
12 35.8755 0 592.0
9 35.896 0 586.0
21 35.9075 0 631.125
18 35.9391 0 554.56
15 35.9474 0 539.2348
3 35.9595 0 567.5
6 35.9683 0 602.04
0 35.9706 0 627.25
12 35.9734 0 585.25
9 35.9952 0 569.08
21 36.0059 0 631.125
18 36.0378 0 551.806
15 36.0455 0 535.6992
3 36.0581 0 562.25
6 36.067 0 599.1
0 36.0694 0 626.5
9 36.0937 0 569.08
21 36.1049 0 631.125
18 36.1361 0 551.806
15 36.1442 0 535.6992
3 36.1561 0 561.5
6 36.1655 0 599.1
0 36.1682 0 626.5
12 36.1712 0 585.25
9 36.1928 0 569.08
21 36.2034 0 631.125
18 36.2348 0 553.642
15 36.2431 0 539.2348
3 36.2557 0 569.0
6 36.264 0 604.98
0 36.2668 0 628.0
12 36.2697 0 589.0
9 36.2908 0 588.82
21 36.3023 0 631.125
18 36.334 0 562.822
15 36.3421 0 551.6094
3 36.3535 0 590.0
6 36.3628 0 618.7
0 36.3653 0 632.5
12 36.3687 0 600.25
9 36.39 0 617.96
21 36.4012 0 631.97
18 36.4328 0 575.674
15 36.4409 0 567.5196
3 36.4525 0 611.0
6 36.4622 0 633.4
0 36.4642 0 638.5
12 36.468 0 614.5
9 36.4883 0 643.34
21 36.4993 0 633.66
18 36.5309 0 587.608
15 36.5401 0 582.5459
3 36.5514 0 630.5
6 36.5605 0 648.1
0 36.5626 0 646.75
12 36.5668 0 628.75
9 36.5877 0 664.02
21 36.5979 0 636.195
18 36.6296 0 599.542
15 36.6383 0 597.5722
3 36.6497 0 647.0
6 36.6595 0 661.82
0 36.6615 0 655.0
12 36.6648 0 641.5
9 36.686 0 681.88
21 36.6972 0 640.42
18 36.7283 0 610.558
15 36.7373 0 610.8307
3 36.749 0 662.0
6 36.7581 0 674.56
0 36.7609 0 664.75
12 36.7642 0 653.5
9 36.7844 0 695.98
21 36.7961 0 644.645
18 36.8275 0 621.574
15 36.8358 0 623.2053
3 36.8479 0 675.5
6 36.8563 0 686.32
0 36.8588 0 673.75
12 36.862 0 664.75
9 36.8835 0 709.14
21 36.8947 0 648.87
18 36.926 0 630.754
15 36.9347 0 634.696
3 36.9458 0 687.5
6 36.9549 0 698.08
0 36.9577 0 682.75
12 36.9613 0 675.25
9 36.9822 0 720.42
21 36.9937 0 653.94
18 37.0247 0 639.934
15 37.0338 0 644.4189
3 37.0454 0 698.75
6 37.0539 0 707.88
0 37.057 0 692.5
9 37.0807 0 729.82
21 37.092 0 659.01
18 37.1229 0 648.196
15 37.1322 0 654.1418
3 37.1435 0 707.75
6 37.153 0 717.68
0 37.1559 0 700.75
12 37.1587 0 693.25
9 37.1801 0 738.28
21 37.1902 0 664.08
18 37.2223 0 655.54
15 37.2303 0 662.9808
3 37.243 0 716.75
6 37.2514 0 727.48
0 37.2538 0 709.0
12 37.2577 0 700.75
9 37.2787 0 745.8
21 37.2895 0 669.15
18 37.3213 0 662.884
15 37.3295 0 670.9359
3 37.3417 0 724.25
6 37.3501 0 736.3
0 37.3526 0 716.5
12 37.3561 0 708.25
9 37.3775 0 752.38
21 37.3881 0 674.22
18 37.4193 0 670.228
15 37.4288 0 678.891
3 37.4401 0 731.75
6 37.4488 0 744.14
0 37.4519 0 724.0
12 37.4548 0 715.0
9 37.4764 0 758.96
21 37.4868 0 679.29
18 37.5187 0 676.654
15 37.5266 0 685.9622
3 37.5391 0 738.5
6 37.5477 0 751.98
0 37.5509 0 730.75
12 37.5536 0 721.0
9 37.5752 0 764.6
21 37.5858 0 684.36
18 37.6176 0 678.49
15 37.6254 0 687.73
3 37.6375 0 738.5
6 37.6466 0 750.02
0 37.6487 0 729.25
12 37.652 0 718.75
9 37.6732 0 759.9
21 37.6848 0 679.29
18 37.716 0 672.982
15 37.7245 0 679.7749
3 37.7357 0 731.75
6 37.7455 0 742.18
0 37.748 0 721.75
12 37.7509 0 712.0
9 37.7726 0 754.26
21 37.7835 0 674.22
18 37.8148 0 665.638
15 37.8231 0 672.7037
3 37.8351 0 724.25
6 37.8435 0 734.34
0 37.8464 0 714.25
12 37.8502 0 705.25
9 37.8707 0 747.68
21 37.8821 0 669.15
18 37.9129 0 658.294
15 37.9218 0 663.8647
3 37.9341 0 716.0
6 37.9433 0 725.52
0 37.9449 0 706.0
12 37.9485 0 697.0
9 37.9692 0 740.16
21 37.981 0 664.08
18 38.0122 0 650.95
15 38.0209 0 655.9096
3 38.0325 0 707.75
6 38.041 0 715.72
0 38.0444 0 697.0
12 38.0469 0 688.75
9 38.0688 0 731.7
21 38.0799 0 525.5
18 38.1106 0 642.688
15 38.1199 0 646.1867
3 38.1317 0 698.0
6 38.1406 0 705.92
0 38.1428 0 688.75
12 38.1456 0 679.75
9 38.1669 0 722.3
21 38.1786 0 653.94
18 38.2094 0 633.508
15 38.218 0 635.5799
3 38.2295 0 686.75
6 38.239 0 695.14
0 38.2414 0 679.75
12 38.2448 0 670.0
9 38.2663 0 711.02
21 38.2766 0 648.87
18 38.3079 0 624.328
15 38.3169 0 624.9731
3 38.3289 0 674.75
6 38.3374 0 683.38
0 38.3404 0 670.0
12 38.3434 0 659.5
9 38.3646 0 698.8
21 38.3757 0 643.8
18 38.4065 0 614.23
15 38.4151 0 612.5985
3 38.4269 0 662.0
6 38.4363 0 671.62
0 38.4394 0 661.0
12 38.4418 0 648.25
9 38.4637 0 684.7
21 38.4738 0 639.575
18 38.5056 0 604.132
15 38.5147 0 599.34
3 38.5257 0 647.0
6 38.5352 0 658.88
0 38.5381 0 652.0
12 38.5414 0 635.5
9 38.5627 0 667.78
21 38.5727 0 636.195
18 38.6039 0 592.198
15 38.613 0 586.0815
3 38.625 0 629.75
6 38.6338 0 645.16
0 38.637 0 643.75
12 38.64 0 622.75
9 38.6604 0 648.04
21 38.6716 0 633.66
18 38.7026 0 580.264
15 38.7113 0 571.0552
3 38.7236 0 611.0
6 38.7331 0 631.44
0 38.7357 0 637.0
12 38.7381 0 609.25
9 38.7597 0 623.6
21 38.771 0 631.97
18 38.8013 0 568.33
15 38.8106 0 556.0289
3 38.8219 0 591.5
6 38.8312 0 616.74
0 38.8337 0 631.75
12 38.8373 0 596.5
9 38.8579 0 596.34
21 38.8697 0 631.125
18 38.9009 0 558.232
15 38.9093 0 542.7704
3 38.9213 0 572.75
6 38.9301 0 604.98
0 38.9325 0 628.0
12 38.9356 0 587.5
9 38.9569 0 572.84
21 38.9678 0 631.125
18 38.9995 0 552.724
15 39.0079 0 535.6992
3 39.0198 0 563.0
6 39.0292 0 600.08
0 39.0311 0 626.5
12 39.0349 0 585.25
9 39.0559 0 569.08
21 39.0667 0 631.125
18 39.0978 0 551.806
15 39.1072 0 535.6992
3 39.1189 0 561.5
6 39.1278 0 600.08
0 39.1299 0 626.5
12 39.1333 0 585.25
9 39.1549 0 569.08
21 39.1653 0 631.125
18 39.1968 0 551.806
15 39.2056 0 536.5831
3 39.2174 0 563.75
6 39.2262 0 602.04
0 39.229 0 627.25
12 39.2322 0 586.0
9 39.2533 0 579.42
21 39.264 0 631.125
18 39.2954 0 559.15
15 39.3038 0 546.306
3 39.3157 0 581.0
6 39.3255 0 612.82
0 39.3277 0 630.25
12 39.3307 0 595.75
9 39.3521 0 606.68
21 39.3632 0 631.97
18 39.3946 0 570.166
15 39.403 0 561.3323
3 39.4143 0 602.75
6 39.4238 0 627.52
0 39.4266 0 636.25
12 39.429 0 609.25
9 39.4511 0 633.94
21 39.4618 0 632.815
18 39.4927 0 583.018
15 39.5013 0 577.2425
3 39.5132 0 623.0
6 39.5228 0 642.22
0 39.5255 0 643.0
12 39.5281 0 623.5
9 39.5492 0 656.5
21 39.5601 0 635.35
18 39.5917 0 594.952
15 39.6008 0 592.2688
3 39.6124 0 641.0
6 39.6211 0 655.94
0 39.6235 0 652.0
12 39.6271 0 637.0
9 39.6477 0 675.3
21 39.6588 0 638.73
18 39.6909 0 606.886
15 39.6994 0 605.5273
3 39.7108 0 656.75
6 39.7201 0 669.66
0 39.723 0 661.0
12 39.726 0 649.0
9 39.7465 0 691.28
21 39.758 0 642.955
18 39.7894 0 616.984
15 39.7976 0 618.7858
3 39.8095 0 671.0
6 39.8185 0 682.4
0 39.8213 0 670.0
12 39.8242 0 660.25
9 39.8461 0 704.44
21 39.8566 0 647.18
18 39.8875 0 627.082
15 39.8969 0 630.2765
3 39.9079 0 683.0
6 39.9177 0 693.18
0 39.9201 0 679.75
12 39.923 0 671.5
9 39.9442 0 715.72
21 39.9549 0 652.25
18 39.9869 0 636.262
15 39.9957 0 640.8833
3 40.0074 0 694.25
6 40.0158 0 703.96
0 40.019 0 688.75
12 40.0215 0 680.5
9 40.0429 0 726.06
21 40.0538 0 657.32
18 40.0858 0 645.442
15 40.094 0 650.6062
3 40.1056 0 704.0
6 40.1151 0 714.74
0 40.1176 0 697.75
12 40.1209 0 689.5
9 40.1413 0 735.46
21 40.1524 0 662.39
18 40.1848 0 652.786
15 40.1927 0 659.4452
3 40.2045 0 713.75
6 40.2134 0 723.56
0 40.2159 0 706.0
12 40.219 0 697.75
9 40.2406 0 742.98
21 40.2517 0 667.46
18 40.2836 0 661.048
15 40.2914 0 668.2842
3 40.303 0 722.0
6 40.3119 0 732.38
0 40.3154 0 713.5
12 40.3176 0 705.25
9 40.3395 0 750.5
21 40.3509 0 672.53
18 40.3827 0 667.474
15 40.3901 0 676.2393
3 40.4025 0 729.5
6 40.4106 0 741.2
0 40.4132 0 721.75
12 40.4169 0 712.75
9 40.4382 0 757.08
21 40.4487 0 677.6
18 40.4804 0 673.9
15 40.4885 0 683.3105
3 40.5005 0 736.25
6 40.5103 0 749.04
0 40.5128 0 728.5
12 40.5158 0 718.75
9 40.5362 0 762.72
21 40.5479 0 682.67
18 40.5799 0 680.326
15 40.5877 0 690.3817
3 40.5991 0 740.75
6 40.6086 0 752.96
0 40.6112 0 731.5
12 40.6148 0 721.75
9 40.6353 0 762.72
21 40.647 0 680.98
18 40.6786 0 674.818
15 40.6862 0 683.3105
3 40.6981 0 734.0
6 40.7072 0 745.12
0 40.7102 0 724.75
12 40.7129 0 715.0
9 40.7342 0 757.08
21 40.7455 0 675.91
18 40.7775 0 668.392
15 40.7852 0 675.3554
3 40.7969 0 727.25
6 40.8064 0 737.28
0 40.8088 0 717.25
12 40.8116 0 707.5
9 40.8332 0 750.5
21 40.8442 0 670.84
18 40.8755 0 661.966
15 40.8839 0 667.4003
3 40.8962 0 719.75
6 40.9045 0 728.46
0 40.9076 0 709.0
12 40.9104 0 700.0
9 40.9318 0 742.98
21 40.9423 0 665.77
18 40.9747 0 653.704
15 40.9822 0 659.4452
3 40.9949 0 710.75
6 41.0037 0 719.64
0 41.0057 0 700.75
12 41.0096 0 692.5
9 41.0299 0 734.52
21 41.041 0 660.7
18 41.0734 0 646.36
15 41.0815 0 649.7223
3 41.093 0 701.75
6 41.1018 0 709.84
0 41.1047 0 691.75
12 41.1079 0 683.5
9 41.1289 0 726.06
21 41.1401 0 655.63
18 41.1725 0 637.18
15 41.1798 0 639.9994
3 41.1917 0 691.25
6 41.2013 0 699.06
0 41.2033 0 682.75
12 41.2067 0 673.75
9 41.2277 0 715.72
21 41.2385 0 650.56
18 41.2704 0 628.0
15 41.2786 0 629.3926
3 41.2905 0 680.0
6 41.2999 0 688.28
0 41.3027 0 673.75
12 41.3054 0 664.0
9 41.3269 0 704.44
21 41.3371 0 646.335
18 41.3698 0 618.82
15 41.3775 0 617.018
3 41.3898 0 667.25
6 41.3987 0 676.52
0 41.4015 0 664.75
12 41.4046 0 652.75
9 41.4255 0 690.34
21 41.436 0 641.265
18 41.4686 0 607.804
15 41.4767 0 604.6434
3 41.4886 0 652.25
6 41.4972 0 663.78
0 41.5 0 655.0
12 41.5024 0 640.75
9 41.5244 0 674.36
21 41.5353 0 637.885
18 41.5672 0 596.788
15 41.5749 0 591.3849
3 41.5864 0 636.5
6 41.5954 0 650.06
0 41.5982 0 646.75
12 41.6015 0 628.0
9 41.6225 0 656.5
21 41.6338 0 634.505
18 41.6654 0 584.854
15 41.6741 0 577.2425
3 41.6852 0 618.5
6 41.6946 0 636.34
0 41.6969 0 639.25
12 41.7007 0 614.5
9 41.7217 0 633.94
21 41.7321 0 632.815
18 41.7643 0 572.92
15 41.7723 0 562.2162
3 41.7841 0 599.75
6 41.793 0 622.62
0 41.7963 0 633.25
12 41.7986 0 601.0
9 41.8198 0 607.62
21 41.8316 0 631.97
18 41.8627 0 561.904
15 41.8715 0 548.0738
3 41.8828 0 579.5
6 41.892 0 609.88
0 41.8946 0 628.75
12 41.8974 0 589.75
9 41.9185 0 580.36
21 41.9297 0 631.125
18 41.9617 0 553.642
15 41.9702 0 537.467
3 41.9814 0 565.25
6 41.9904 0 601.06
0 41.9938 0 627.25
12 41.997 0 585.25
9 42.0175 0 569.08
21 42.0286 0 631.125
18 42.0606 0 552.724
15 42.0682 0 535.6992
3 42.0808 0 562.25
6 42.0892 0 600.08
0 42.0922 0 626.5
12 42.0957 0 585.25
9 42.116 0 569.08
21 42.1275 0 631.125
18 42.1597 0 551.806
15 42.1679 0 535.6992
3 42.1787 0 562.25
6 42.1877 0 600.08
0 42.1908 0 626.5
12 42.1941 0 585.25
9 42.2156 0 571.9
21 42.2259 0 631.125
18 42.258 0 555.478
15 42.2666 0 541.8865
3 42.2774 0 573.5
6 42.2873 0 608.9
0 42.2899 0 628.75
12 42.2928 0 591.25
9 42.3144 0 595.4
21 42.3245 0 631.97
18 42.3568 0 566.494
15 42.3644 0 556.0289
3 42.3765 0 594.5
6 42.3858 0 622.62
0 42.3887 0 634.0
12 42.3914 0 604.0
9 42.4125 0 623.6
21 42.4233 0 632.815
18 42.4559 0 578.428
15 42.4635 0 571.0552
3 42.4756 0 615.5
6 42.4839 0 636.34
0 42.4875 0 640.0
12 42.4906 0 618.25
9 42.5112 0 648.04
21 42.5221 0 634.505
18 42.5538 0 590.362
15 42.562 0 586.9654
3 42.5739 0 634.25
6 42.5827 0 651.04
0 42.5856 0 648.25
12 42.5892 0 631.75
9 42.6101 0 668.72
21 42.6206 0 637.885
18 42.6528 0 602.296
3 42.6729 0 650.75
6 42.6823 0 664.76
0 42.6844 0 657.25
12 42.6883 0 644.5
9 42.7087 0 684.7
21 42.7199 0 641.265
18 42.7512 0 613.312
15 42.7612 0 613.4824
3 42.7722 0 665.0
6 42.7803 0 677.5
0 42.7835 0 666.25
12 42.7859 0 656.5
9 42.8074 0 699.74
21 42.819 0 646.335
18 42.8506 0 623.41
15 42.8582 0 625.857
3 42.8701 0 678.5
6 42.8794 0 689.26
0 42.8822 0 676.0
12 42.8857 0 667.0
9 42.9064 0 711.96
21 42.9172 0 650.56
18 42.9487 0 633.508
15 42.9579 0 637.3477
3 42.9691 0 690.5
6 42.9776 0 700.04
0 42.9807 0 685.0
12 42.9836 0 677.5
9 43.0053 0 722.3
21 43.016 0 655.63
18 43.0481 0 642.688
15 43.0562 0 647.0706
3 43.0673 0 701.0
6 43.0764 0 710.82
0 43.0799 0 694.0
12 43.0825 0 686.5
9 43.1039 0 731.7
21 43.1145 0 660.7
18 43.1469 0 650.95
15 43.1549 0 656.7935
3 43.1665 0 710.0
6 43.1758 0 720.62
0 43.1784 0 702.25
12 43.1812 0 694.75
9 43.2027 0 740.16
21 43.2132 0 666.615
18 43.2459 0 658.294
15 43.2535 0 665.6325
3 43.2654 0 718.25
6 43.2738 0 729.44
0 43.2771 0 710.5
12 43.2804 0 703.0
9 43.3015 0 747.68
21 43.3127 0 671.685
