"x" "y" "z" "temp"
12 0.0662 0 532
6 0.1567 0 590.999
21 0.1591 0 590.75
3 0.1596 0 451.605
15 0.1633 0 576.679
12 0.1658 0 532
6 0.255 0 603.7586
3 0.258 0 577.9515
15 0.2621 0 590.316
6 0.3547 0 627.455
3 0.3577 0 601.158
12 0.3622 0 569
9 0.3633 0 343.03
6 0.4531 0 650.24
3 0.4559 0 622.6455
15 0.4579 0 632.276
12 0.4601 0 454
9 0.4623 0 599.71
21 0.5516 0 613.7
6 0.5526 0 670.2908
3 0.5553 0 643.2735
12 0.5596 0 608
9 0.5616 0 616.45
21 0.6505 0 621.35
9 0.66 0 632.26
0 0.6632 0 509.9088
6 0.7491 0 703.1012
3 0.7516 0 675.9345
12 0.7557 0 639
9 0.759 0 646.21
0 0.7618 0 644.1352
21 0.8468 0 521.05
18 0.848 0 552.27
15 0.8503 0 552.552
3 0.851 0 688.827
12 0.855 0 652
9 0.8575 0 659.23
0 0.8603 0 657.2092
21 0.9462 0 644.3
15 0.949 0 707.804
12 1.0514 0 675
9 1.0548 0 681.55
0 1.0572 0 678.9992
21 1.1426 0 657.9
15 1.1452 0 729.833
12 1.1503 0 685
18 1.24 0 506.82
15 1.2451 0 739.274
12 1.3475 0 702
15 1.4417 0 756.058
9 1.4462 0 646.21
0 1.4493 0 713.8632
21 1.5339 0 680.85
9 1.5457 0 724.33
0 1.5484 0 720.836
21 1.6335 0 681.7
12 1.7394 0 568
9 1.7423 0 715.96
0 1.7445 0 590.096
21 1.8299 0 549.1
15 1.8333 0 599.757
3 1.8343 0 736.959
12 1.838 0 701
9 1.8405 0 707.59
0 1.8431 0 705.1472
21 1.9282 0 663.85
15 1.9321 0 740.323
3 1.933 0 607.1745
12 1.9368 0 693
9 1.9397 0 698.29
0 1.9426 0 696.4312
18 2.0226 0 576.51
21 2.0273 0 657.9
15 2.0312 0 730.882
3 2.0324 0 720.6285
12 2.0355 0 684
18 2.1219 0 488.64
3 2.1305 0 710.3145
12 2.135 0 674
9 2.1365 0 678.76
0 2.1391 0 677.256
18 2.2209 0 561.36
21 2.2247 0 644.3
15 2.2276 0 709.902
0 2.2383 0 666.7968
15 2.3271 0 698.363
3 2.3276 0 687.9675
12 2.3316 0 652
18 2.4168 0 544.19
0 2.4345 0 641.5204
18 2.5164 0 535.1
15 2.5235 0 517.935
9 2.528 0 554.14
0 2.5336 0 627.5748
21 2.6178 0 613.7
15 2.6216 0 654.305
9 2.6273 0 613.66
18 2.712 0 516.92
21 2.7148 0 481.95
3 2.7192 0 623.505
12 2.7236 0 444
0 2.7297 0 594.454
3 2.8183 0 475.671
15 2.8191 0 462.338
12 2.8224 0 423
9 2.8235 0 503.92
0 2.829 0 448.8968
21 2.9112 0 593.3
3 2.9172 0 579.6705
15 2.9178 0 594.512
9 2.9228 0 564.37
3 3.0163 0 567.6375
12 3.0191 0 533
0 3.0256 0 550.0024
18 3.1048 0 492.68
15 3.114 0 575.63
9 3.1189 0 556.0
0 3.1244 0 549.1308
18 3.2029 0 408.85
3 3.2124 0 570.216
15 3.2128 0 581.924
9 3.2177 0 558.79
0 3.2229 0 554.3604
18 3.3024 0 499.75
21 3.3035 0 594.15
3 3.3117 0 591.7035
15 3.3121 0 601.855
9 3.3171 0 573.67
0 3.3228 0 570.9208
18 3.4008 0 508.84
21 3.4024 0 601.8
3 3.4102 0 615.7695
15 3.4106 0 467.583
12 3.411 0 580
9 3.416 0 591.34
0 3.4209 0 589.2244
18 3.4996 0 518.94
21 3.5011 0 609.45
12 3.5104 0 599
3 3.5105 0 637.257
15 3.5109 0 643.815
9 3.5151 0 609.01
0 3.5197 0 606.6564
21 3.6005 0 490.45
3 3.6083 0 655.3065
12 3.6087 0 617
18 3.6966 0 538.13
21 3.6997 0 626.45
15 3.7065 0 677.383
9 3.712 0 640.63
0 3.717 0 638.034
15 3.8053 0 691.02
12 3.8057 0 496
21 3.8963 0 641.75
3 3.9041 0 698.2815
15 4.0016 0 716.196
18 4.0889 0 571.46
3 4.1 0 719.769
15 4.1009 0 726.686
9 4.1039 0 688.06
0 4.1085 0 552.6172
12 4.1973 0 689
3 4.1998 0 728.364
9 4.2025 0 697.36
0 4.2074 0 694.688
21 4.2873 0 668.1
12 4.2958 0 698
15 4.298 0 585.071
21 4.3861 0 674.05
3 4.3965 0 743.835
9 4.3987 0 714.1
0 4.4044 0 711.2484
12 4.4927 0 713
9 4.4977 0 721.54
0 4.5032 0 718.2212
21 4.5837 0 553.35
15 4.6895 0 761.303
9 4.6943 0 636.91
0 4.6994 0 716.478
3 4.7885 0 609.753
15 4.7889 0 753.96
9 4.7939 0 712.24
0 4.7991 0 708.6336
18 4.871 0 495.71
12 4.8848 0 543
3 4.8873 0 735.24
15 4.8877 0 582.973
9 4.8923 0 619.24
0 4.8977 0 565.6912
18 4.9697 0 580.55
21 4.9748 0 662.15
12 4.9842 0 689
15 4.9867 0 736.127
9 4.991 0 694.57
0 4.9968 0 692.0732
18 5.0694 0 573.48
21 5.0739 0 655.35
15 5.0862 0 726.686
18 5.1679 0 565.4
12 5.1796 0 670
9 5.1879 0 674.11
0 5.1927 0 535.1852
21 5.2705 0 641.75
12 5.2784 0 658
15 5.2824 0 704.657
12 5.4756 0 632
9 5.5798 0 622.03
0 5.5848 0 619.7304
21 5.6625 0 475.15
15 5.6741 0 644.864
9 5.6784 0 516.94
0 5.6839 0 603.17
21 5.7619 0 602.65
15 5.7729 0 625.982
12 5.8677 0 401
9 5.8754 0 571.81
0 5.8808 0 567.4344
21 5.9581 0 590.75
12 5.9659 0 540
15 5.9698 0 584.022
9 5.9739 0 558.79
0 5.9797 0 552.6172
15 6.0688 0 407.79
12 6.1633 0 532
9 6.1713 0 556.0
0 6.1761 0 409.6748
12 6.2614 0 547
15 6.2657 0 591.365
9 6.2698 0 565.3
0 6.2746 0 562.2048
21 6.3505 0 597.55
12 6.3604 0 569
15 6.3641 0 613.394
9 6.3691 0 582.97
0 6.3741 0 580.5084
21 6.4485 0 467.5
12 6.4602 0 590
15 6.4627 0 634.374
9 6.4676 0 600.64
0 6.4728 0 598.812
21 6.5479 0 613.7
12 6.5583 0 609
15 6.5623 0 653.256
9 6.5669 0 618.31
0 6.5716 0 616.244
18 6.6379 0 433.09
21 6.6468 0 622.2
18 6.7373 0 542.17
21 6.7454 0 629.85
12 6.7553 0 640
15 6.7588 0 685.775
9 6.7632 0 555.07
0 6.7687 0 645.8784
12 6.8545 0 489
15 6.8574 0 699.412
0 6.8674 0 658.9524
18 6.9336 0 559.34
21 6.9421 0 645.15
18 7.0326 0 567.42
12 7.0504 0 675
15 7.0538 0 549.405
0 7.0638 0 680.7424
12 7.1497 0 685
15 7.1536 0 731.931
9 7.1546 0 692.71
0 7.1633 0 690.33
18 7.2289 0 581.56
9 7.2542 0 702.01
21 7.334 0 671.5
12 7.346 0 702
15 7.3496 0 750.813
0 7.3595 0 563.0764
9 7.4503 0 718.75
18 7.6206 0 498.74
18 7.7196 0 596.71
12 7.7383 0 709
15 7.7417 0 758.156
0 7.7511 0 712.9916
18 7.819 0 590.65
12 7.8373 0 702
15 7.8404 0 573.532
9 7.8429 0 611.8
0 7.8502 0 705.1472
18 7.9178 0 584.59
12 7.9361 0 524
15 7.9396 0 741.372
9 7.9412 0 700.15
0 7.9494 0 696.4312
18 8.017 0 471.47
12 8.0355 0 684
15 8.0381 0 731.931
9 8.0401 0 689.92
0 8.0481 0 687.7152
21 8.1172 0 652.8
12 8.1344 0 675
15 8.1374 0 721.441
0 8.1471 0 677.256
18 8.2133 0 562.37
21 8.2161 0 646.0
9 8.2373 0 669.46
12 8.3301 0 652
15 8.3344 0 698.363
9 8.3355 0 657.37
0 8.3432 0 506.4224
9 8.5327 0 629.47
18 8.6046 0 417.94
9 8.6312 0 613.66
18 8.7039 0 516.92
12 8.7226 0 590
15 8.7255 0 454.995
0 8.7351 0 594.454
12 8.8215 0 570
15 8.8248 0 614.443
9 8.8278 0 579.25
0 8.8348 0 576.1504
18 8.9009 0 498.74
12 9.0178 0 361
15 9.0215 0 577.728
0 9.031 0 550.0024
9 9.1237 0 556.0
21 9.1988 0 589.9
9 9.2221 0 558.79
18 9.2919 0 498.74
21 9.2975 0 444.55
9 9.3214 0 573.67
18 9.3912 0 507.83
21 9.3963 0 600.95
12 9.4097 0 580
15 9.4135 0 624.933
9 9.4198 0 592.27
0 9.4231 0 590.096
21 9.4955 0 609.45
12 9.5093 0 599
15 9.5117 0 644.864
9 9.5194 0 609.94
0 9.5223 0 454.1264
21 9.5941 0 617.95
12 9.6082 0 617
15 9.6113 0 478.073
0 9.621 0 624.0884
9 9.7161 0 641.56
21 9.7904 0 634.1
12 9.8048 0 646
15 9.8078 0 692.069
0 9.8168 0 651.9796
9 10.1079 0 582.97
21 10.1832 0 510.85
12 10.1965 0 510
15 10.1997 0 737.176
9 10.2066 0 698.29
0 10.2094 0 694.688
18 10.2762 0 585.6
12 10.2951 0 698
15 10.2988 0 746.617
0 10.3087 0 703.404
18 10.3758 0 591.66
9 10.4031 0 715.03
12 10.4919 0 713
15 10.495 0 573.532
9 10.502 0 722.47
0 10.5045 0 719.0928
18 10.572 0 486.62
9 10.6986 0 720.61
9 10.7978 0 712.24
12 10.8833 0 698
15 10.887 0 746.617
0 10.8965 0 543.0296
9 10.8969 0 703.87
18 10.9636 0 580.55
21 10.965 0 663.0
12 10.9832 0 689
15 10.9858 0 737.176
0 10.9954 0 692.0732
9 10.996 0 694.57
18 11.0635 0 573.48
21 11.0645 0 657.05
0 11.0943 0 682.4856
12 11.1797 0 487
15 11.1823 0 717.245
9 11.1926 0 563.44
18 11.2593 0 558.33
21 11.2615 0 487.05
12 11.2782 0 659
15 11.2812 0 705.706
0 11.2917 0 661.5672
21 11.3594 0 634.95
0 11.39 0 648.4932
21 11.4594 0 627.3
12 11.4743 0 633
15 11.4782 0 485.416
12 11.5742 0 617
15 11.5771 0 662.697
0 11.5864 0 619.7304
21 11.6552 0 611.15
9 11.6827 0 605.29
12 11.7701 0 581
15 11.7733 0 625.982
12 11.8691 0 560
15 11.8727 0 605.002
9 11.8793 0 570.88
0 11.8822 0 567.4344
9 11.9786 0 557.86
0 11.9819 0 552.6172
21 12.0474 0 589.9
12 12.0659 0 532
15 12.0692 0 575.63
12 12.1649 0 533
9 12.1751 0 441.61
0 12.1777 0 550.0024
21 12.2457 0 590.75
12 12.2641 0 547
9 12.2743 0 565.3
0 12.2763 0 562.2048
18 12.3384 0 502.78
21 12.3443 0 596.7
12 12.3629 0 569
9 12.3725 0 582.97
0 12.3753 0 580.5084
18 12.4378 0 512.88
21 12.4432 0 605.2
12 12.4625 0 590
0 12.4746 0 598.812
18 12.5362 0 522.98
21 12.5422 0 613.7
12 12.5608 0 609
9 12.5706 0 619.24
0 12.573 0 616.244
21 12.7381 0 629.85
12 12.7569 0 640
9 12.7678 0 649.0
0 12.7699 0 480.2744
12 12.8566 0 653
0 12.8695 0 658.9524
12 13.0533 0 676
0 13.0659 0 680.7424
21 13.1302 0 496.4
12 13.1518 0 685
9 13.1596 0 574.6
0 13.1644 0 691.2016
15 13.2476 0 539.964
9 13.2585 0 702.94
18 13.3226 0 588.63
15 13.3461 0 750.813
12 13.3491 0 702
0 13.3614 0 707.762
18 13.4224 0 594.69
9 13.4551 0 719.68
15 13.5436 0 766.548
18 13.6181 0 603.78
12 13.7408 0 709
0 13.7536 0 712.9916
12 13.8389 0 702
9 13.8465 0 708.52
0 13.8522 0 535.1852
21 13.9137 0 666.4
15 13.9351 0 742.421
12 13.9383 0 693
9 13.9452 0 699.22
0 13.9512 0 696.4312
18 14.0109 0 445.21
21 14.0124 0 494.7
15 14.0338 0 732.98
12 14.0368 0 684
9 14.0444 0 689.92
0 14.0504 0 687.7152
18 14.1099 0 570.45
21 14.1107 0 653.65
12 14.1364 0 674
0 14.1486 0 677.256
21 14.2104 0 646.85
15 14.231 0 506.396
9 14.2416 0 545.77
18 14.3056 0 554.29
21 14.3091 0 639.2
15 14.3296 0 699.412
12 14.3327 0 455
9 14.3399 0 656.44
0 14.3457 0 654.5944
21 14.5051 0 623.9
15 14.5263 0 671.089
9 14.5367 0 628.54
15 14.6248 0 654.305
9 14.6352 0 612.73
18 14.6973 0 382.59
12 14.7248 0 590
0 14.7377 0 593.5824
18 14.7968 0 507.83
15 14.8217 0 615.492
12 14.8233 0 570
9 14.8326 0 578.32
0 14.8366 0 575.2788
21 14.8973 0 424.15
15 14.9208 0 594.512
9 14.9316 0 562.51
18 14.9936 0 493.69
12 15.02 0 534
0 15.0327 0 375.6824
15 15.1165 0 365.83
9 15.1276 0 555.07
15 15.216 0 581.924
9 15.2271 0 558.79
15 15.3152 0 602.904
9 15.3253 0 447.19
18 15.3858 0 506.82
12 15.4123 0 379
15 15.4135 0 624.933
9 15.424 0 592.27
0 15.4248 0 590.096
18 15.4838 0 516.92
12 15.5106 0 600
15 15.5128 0 644.864
9 15.5239 0 610.87
0 15.5242 0 608.3996
18 15.5836 0 527.02
12 15.6093 0 617
0 15.623 0 624.0884
21 15.6803 0 624.75
18 15.6821 0 537.12
15 15.7092 0 678.432
9 15.7206 0 641.56
21 15.7787 0 633.25
18 15.781 0 405.82
12 15.8061 0 647
15 15.8085 0 693.118
0 15.8195 0 652.8512
21 15.975 0 474.3
18 15.9779 0 562.37
15 16.0048 0 503.249
21 16.0739 0 655.35
15 16.1038 0 727.735
9 16.1119 0 688.99
12 16.1983 0 690
9 16.2105 0 698.29
0 16.2119 0 516.8816
21 16.2708 0 668.1
12 16.2976 0 698
15 16.3009 0 746.617
0 16.3112 0 704.2756
18 16.3698 0 591.66
9 16.407 0 583.9
12 16.4933 0 507
0 16.5068 0 719.0928
0 16.6058 0 723.4508
21 16.6623 0 681.7
15 16.6926 0 762.352
21 16.7614 0 675.75
15 16.7917 0 537.866
9 16.7994 0 712.24
0 16.8021 0 709.5052
15 16.89 0 746.617
9 16.8986 0 703.87
0 16.902 0 700.7892
15 16.989 0 737.176
9 16.997 0 694.57
0 17.0005 0 692.0732
12 17.0832 0 680
15 17.0879 0 727.735
9 17.0956 0 685.27
18 17.1523 0 419.96
9 17.1952 0 674.11
0 17.1968 0 489.862
18 17.2512 0 558.33
12 17.2805 0 658
15 17.285 0 705.706
12 17.3791 0 646
9 17.392 0 649.93
18 17.448 0 541.16
18 17.5463 0 532.07
12 17.5756 0 406
0 17.5892 0 619.7304
21 17.6472 0 612.0
12 17.6751 0 599
15 17.6761 0 423.525
0 17.6881 0 602.2984
18 17.7428 0 512.88
21 17.7462 0 423.3
15 17.7753 0 625.982
9 17.7831 0 449.05
12 17.8711 0 559
9 17.8821 0 569.95
0 17.884 0 566.5628
21 17.9424 0 590.75
12 17.97 0 539
15 17.9726 0 584.022
0 17.9834 0 552.6172
15 18.0711 0 575.63
9 18.0786 0 555.07
18 18.1355 0 492.68
12 18.1664 0 533
9 18.178 0 556.0
0 18.1805 0 550.0024
18 18.234 0 493.69
12 18.2661 0 548
15 18.2679 0 592.414
9 18.2769 0 565.3
0 18.2793 0 375.6824
18 18.3331 0 501.77
21 18.3348 0 595.85
12 18.365 0 570
15 18.3667 0 614.443
9 18.376 0 582.97
0 18.378 0 581.38
18 18.4319 0 511.87
21 18.4339 0 603.5
12 18.4639 0 591
15 18.4652 0 635.423
9 18.4746 0 601.57
0 18.4768 0 599.6836
18 18.5307 0 521.97
21 18.5324 0 612.0
12 18.5624 0 609
9 18.5738 0 478.81
0 18.5759 0 617.1156
21 18.6311 0 621.35
18 18.7271 0 541.16
21 18.7297 0 445.4
12 18.759 0 640
9 18.7703 0 649.0
0 18.7721 0 646.75
12 18.8586 0 653
0 18.8717 0 658.9524
21 18.9263 0 644.3
12 19.0544 0 676
0 19.0679 0 681.614
18 19.1195 0 417.94
12 19.1532 0 686
9 19.1623 0 693.64
0 19.1667 0 691.2016
18 19.2177 0 580.55
9 19.2609 0 702.94
21 19.3185 0 670.65
12 19.3502 0 703
0 19.3634 0 517.7532
18 19.4149 0 594.69
21 19.4175 0 676.6
9 19.4576 0 719.68
21 19.6138 0 497.25
12 19.7423 0 489
15 19.7435 0 527.376
0 19.7553 0 712.9916
18 19.8069 0 591.66
12 19.8407 0 702
15 19.843 0 750.813
9 19.8497 0 562.51
0 19.8542 0 705.1472
18 19.9059 0 584.59
12 19.9403 0 693
15 19.9422 0 741.372
9 19.9482 0 699.22
0 19.9535 0 696.4312
18 20.0042 0 417.94
21 20.0063 0 661.3
12 20.0385 0 684
15 20.0404 0 731.931
9 20.0473 0 689.92
0 20.0521 0 686.8436
21 20.1053 0 654.5
12 20.1374 0 674
15 20.1392 0 722.49
0 20.1509 0 677.256
18 20.2016 0 562.37
9 20.2436 0 668.53
18 20.3003 0 554.29
21 20.3018 0 640.05
12 20.3341 0 652
15 20.3361 0 464.436
9 20.3433 0 656.44
0 20.348 0 654.5944
18 20.4966 0 375.52
9 20.5391 0 628.54
9 20.638 0 612.73
12 20.7259 0 365
15 20.7285 0 635.423
0 20.739 0 397.4724
12 20.8248 0 569
15 20.8273 0 614.443
9 20.8346 0 427.66
0 20.8386 0 575.2788
18 20.8891 0 499.75
9 20.9342 0 562.51
12 21.0223 0 533
15 21.0233 0 577.728
0 21.0354 0 550.0024
9 21.1311 0 555.07
9 21.2297 0 558.79
9 21.3287 0 574.6
12 21.4135 0 580
15 21.416 0 385.761
0 21.4267 0 590.096
9 21.4279 0 593.2
21 21.4843 0 413.95
12 21.5128 0 372
15 21.5145 0 405.692
0 21.5253 0 608.3996
9 21.5263 0 610.87
21 21.5833 0 617.1
12 21.6113 0 618
15 21.6139 0 662.697
0 21.6248 0 425.3636
18 21.6708 0 368.45
9 21.7231 0 642.49
18 21.7705 0 545.2
21 21.7792 0 633.25
15 21.8107 0 693.118
0 21.8208 0 652.8512
18 21.9662 0 562.37
18 22.0655 0 400.77
9 22.1148 0 533.68
21 22.1718 0 662.15
15 22.2019 0 495.906
0 22.2133 0 695.5596
9 22.2141 0 699.22
18 22.2618 0 584.59
15 22.3008 0 746.617
0 22.3122 0 704.2756
9 22.4107 0 715.96
15 22.4977 0 763.401
0 22.5084 0 719.0928
0 22.6079 0 723.4508
18 22.6545 0 600.75
18 22.7525 0 594.69
9 22.8023 0 554.14
0 22.8039 0 505.5508
18 22.852 0 588.63
12 22.8875 0 464
15 22.8898 0 746.617
9 22.9013 0 703.87
0 22.9035 0 700.7892
18 22.9511 0 581.56
21 22.9535 0 464.95
12 22.9867 0 689
15 22.9884 0 490.661
9 23.0001 0 694.57
0 23.0021 0 692.0732
18 23.0496 0 574.49
21 23.0524 0 657.9
12 23.0854 0 680
15 23.0875 0 727.735
9 23.0992 0 684.34
21 23.1511 0 651.1
9 23.198 0 674.11
0 23.1989 0 672.0264
18 23.2459 0 385.62
21 23.25 0 643.45
12 23.2817 0 658
15 23.2843 0 705.706
21 23.3491 0 636.65
12 23.3814 0 646
15 23.3833 0 693.118
9 23.394 0 649.0
21 23.5457 0 419.05
12 23.5775 0 379
15 23.5798 0 414.084
0 23.591 0 412.2896
18 23.6378 0 523.99
12 23.676 0 599
15 23.6783 0 644.864
0 23.6895 0 602.2984
9 23.7862 0 586.69
12 23.8735 0 320
15 23.8753 0 353.242
9 23.8857 0 406.27
0 23.8868 0 358.2504
21 23.9378 0 590.75
12 23.9718 0 539
15 23.9743 0 584.022
0 23.9856 0 552.6172
9 24.0822 0 555.07
12 24.1686 0 532
15 24.1708 0 576.679
9 24.1812 0 556.0
0 24.1826 0 550.0024
15 24.2691 0 592.414
9 24.2799 0 566.23
0 24.2808 0 563.0764
15 24.3686 0 614.443
9 24.3789 0 583.9
0 24.3804 0 581.38
18 24.4206 0 332.09
15 24.4667 0 635.423
9 24.4778 0 602.5
0 24.4795 0 599.6836
18 24.5195 0 520.96
12 24.5644 0 609
15 24.5656 0 654.305
9 24.577 0 619.24
0 24.5779 0 617.1156
18 24.6191 0 350.27
18 24.7179 0 541.16
21 24.7206 0 423.3
12 24.7608 0 640
15 24.7631 0 431.917
9 24.7729 0 649.0
0 24.775 0 646.75
18 24.816 0 550.25
21 24.8196 0 636.65
12 24.8596 0 411
15 24.8616 0 700.461
0 24.8735 0 659.824
18 25.0129 0 566.41
21 25.0159 0 651.95
12 25.0565 0 676
15 25.0579 0 723.539
0 25.0703 0 468.9436
12 25.1554 0 686
15 25.1567 0 734.029
9 25.1655 0 527.17
0 25.1692 0 691.2016
9 25.264 0 703.87
12 25.352 0 703
15 25.3539 0 751.862
0 25.3657 0 708.6336
18 25.4052 0 411.88
21 25.4074 0 469.2
9 25.4612 0 719.68
18 25.504 0 600.75
9 25.5597 0 727.12
18 25.701 0 599.74
12 25.7435 0 709
15 25.746 0 500.102
9 25.7563 0 715.96
0 25.758 0 712.9916
18 25.7996 0 592.67
12 25.843 0 701
15 25.8443 0 750.813
9 25.8554 0 707.59
0 25.8567 0 705.1472
18 25.8985 0 586.61
12 25.9421 0 445
15 25.943 0 742.421
9 25.9543 0 699.22
0 25.9554 0 696.4312
12 26.0409 0 684
15 26.0428 0 731.931
0 26.054 0 470.6868
18 26.0951 0 572.47
12 26.1395 0 674
15 26.1417 0 722.49
9 26.1503 0 506.71
0 26.1534 0 677.256
21 26.1899 0 436.9
18 26.1941 0 564.39
9 26.2497 0 667.6
21 26.2893 0 641.75
12 26.3365 0 651
15 26.3374 0 698.363
0 26.3501 0 653.7228
18 26.3909 0 359.36
9 26.4457 0 642.49
21 26.4856 0 625.6
21 26.5847 0 617.1
12 26.7284 0 589
15 26.7303 0 372.124
0 26.7419 0 592.7108
21 26.7809 0 600.95
18 26.7823 0 509.85
12 26.8274 0 568
15 26.8283 0 614.443
9 26.838 0 577.39
0 26.8405 0 574.4072
18 26.8812 0 500.76
9 26.9371 0 561.58
15 27.0252 0 577.728
0 27.0369 0 549.1308
18 27.078 0 491.67
9 27.1338 0 379.3
21 27.1729 0 374.85
18 27.1774 0 492.68
9 27.232 0 558.79
21 27.2724 0 591.6
18 27.2757 0 496.72
9 27.3311 0 574.6
21 27.3713 0 598.4
18 27.375 0 505.81
15 27.4172 0 358.487
0 27.4294 0 369.5812
9 27.4304 0 593.2
21 27.4698 0 606.9
18 27.4738 0 515.91
15 27.5161 0 645.913
0 27.5285 0 608.3996
9 27.5295 0 611.8
21 27.5685 0 615.4
18 27.5725 0 526.01
15 27.6156 0 663.746
0 27.6275 0 624.96
9 27.7262 0 463.93
0 27.7269 0 416.6476
21 27.7661 0 632.4
18 27.7688 0 545.2
12 27.8098 0 647
15 27.8114 0 693.118
0 27.9229 0 665.9252
0 28.0224 0 676.3844
9 28.1189 0 689.92
21 28.1571 0 442.85
18 28.1613 0 578.53
12 28.2012 0 432
15 28.2036 0 738.225
9 28.2176 0 518.8
0 28.2188 0 470.6868
21 28.2559 0 668.1
12 28.3012 0 699
15 28.3024 0 477.024
9 28.4144 0 715.96
21 28.4526 0 680.0
12 28.4968 0 714
15 28.4997 0 763.401
9 28.5126 0 723.4
0 28.6108 0 723.4508
0 28.7096 0 716.478
9 28.7101 0 719.68
9 28.8086 0 712.24
0 28.809 0 708.6336
21 28.8451 0 672.35
12 28.8893 0 697
15 28.8912 0 746.617
0 28.9071 0 700.7892
9 28.9076 0 702.94
18 28.9439 0 384.61
21 28.9444 0 665.55
12 28.9877 0 689
15 28.99 0 737.176
9 29.006 0 693.64
0 29.0063 0 692.0732
18 29.0424 0 576.51
21 29.0433 0 437.75
18 29.1412 0 568.43
12 29.1851 0 407
15 29.1865 0 442.407
0 29.2029 0 672.0264
9 29.2033 0 673.18
21 29.2393 0 645.15
12 29.2841 0 658
15 29.2852 0 705.706
18 29.3376 0 552.27
21 29.3385 0 637.5
18 29.4373 0 342.19
12 29.4801 0 632
15 29.4818 0 678.432
21 29.5348 0 621.35
12 29.5796 0 616
15 29.5813 0 662.697
9 29.5944 0 434.17
18 29.6335 0 525.0
9 29.6937 0 603.43
12 29.7757 0 579
15 29.7779 0 625.982
12 29.8752 0 558
15 29.876 0 603.953
0 29.8902 0 565.6912
9 29.8906 0 569.02
21 29.9263 0 591.6
0 29.9892 0 551.7456
9 29.9896 0 556.93
18 30.0256 0 492.68
12 30.0715 0 531
15 30.0735 0 296.596
12 30.1702 0 266
9 30.1856 0 556.0
0 30.186 0 550.0024
12 30.2688 0 548
0 30.2849 0 563.0764
9 30.2853 0 567.16
12 30.3684 0 570
0 30.3835 0 582.2516
15 30.465 0 635.423
12 30.4666 0 591
0 30.4827 0 366.9664
15 30.5645 0 654.305
12 30.5654 0 610
0 30.5819 0 617.9872
15 30.6626 0 671.089
21 30.709 0 399.5
12 30.7623 0 640
0 30.7782 0 647.6216
21 30.808 0 635.8
18 30.8083 0 342.19
15 30.8596 0 418.28
12 30.8616 0 385
0 30.8768 0 659.824
18 30.9066 0 557.32
21 31.0053 0 421.6
12 31.0577 0 676
0 31.0733 0 682.4856
18 31.1036 0 573.48
21 31.104 0 657.9
12 31.1566 0 686
9 31.1694 0 694.57
0 31.1721 0 692.0732
9 31.2687 0 703.87
21 31.3004 0 670.65
12 31.3535 0 431
0 31.3686 0 708.6336
9 31.4657 0 527.17
18 31.495 0 390.67
21 31.6918 0 681.7
12 31.7453 0 709
0 31.7609 0 475.0448
21 31.7908 0 675.75
12 31.844 0 701
9 31.8571 0 707.59
0 31.8604 0 704.2756
21 31.8899 0 436.9
15 31.9388 0 454.995
12 31.9437 0 693
9 31.9564 0 699.22
0 31.9594 0 696.4312
21 31.9892 0 663.0
15 32.0382 0 732.98
12 32.0417 0 684
9 32.0556 0 688.99
0 32.0583 0 686.8436
21 32.0878 0 656.2
12 32.1412 0 674
0 32.1571 0 676.3844
15 32.234 0 712.0
9 32.252 0 667.6
18 32.2783 0 557.32
21 32.2851 0 641.75
15 32.3331 0 699.412
12 32.338 0 375
9 32.3506 0 655.51
0 32.3538 0 653.7228
18 32.3769 0 549.24
15 32.5294 0 671.089
9 32.5475 0 429.52
18 32.5734 0 314.92
15 32.6286 0 654.305
9 32.6458 0 611.8
18 32.6724 0 520.96
21 32.6762 0 609.45
12 32.7292 0 589
0 32.7454 0 350.406
15 32.8256 0 323.87
12 32.8287 0 568
9 32.8432 0 576.46
0 32.8441 0 574.4072
18 32.8693 0 501.77
15 32.9239 0 301.841
9 32.9421 0 361.63
12 33.0248 0 533
0 33.0405 0 550.0024
15 33.1208 0 575.63
9 33.1388 0 555.07
15 33.2197 0 582.973
9 33.2375 0 559.72
18 33.2602 0 495.71
15 33.3191 0 602.904
9 33.3366 0 576.46
18 33.3599 0 504.8
12 33.4172 0 300
15 33.4181 0 625.982
0 33.4332 0 591.8392
9 33.4348 0 594.13
21 33.4589 0 367.2
18 33.4592 0 514.9
12 33.5158 0 601
15 33.517 0 645.913
0 33.5315 0 609.2712
9 33.5337 0 410.92
18 33.5577 0 525.0
21 33.5584 0 615.4
12 33.6154 0 618
0 33.6302 0 625.8316
18 33.657 0 314.92
21 33.6575 0 623.9
15 33.713 0 383.663
9 33.7301 0 643.42
21 33.7556 0 392.7
12 33.8116 0 647
15 33.812 0 694.167
0 33.8276 0 407.9316
18 33.8533 0 553.28
21 33.855 0 640.05
15 34.0088 0 718.294
21 34.0512 0 654.5
15 34.1081 0 728.784
9 34.122 0 689.92
12 34.203 0 690
0 34.2193 0 696.4312
9 34.2219 0 700.15
18 34.2449 0 584.59
12 34.3026 0 699
15 34.3038 0 747.666
0 34.3179 0 705.1472
18 34.3442 0 590.65
9 34.4177 0 716.89
21 34.4428 0 679.15
12 34.4989 0 429
0 34.5152 0 719.9644
9 34.5168 0 724.33
18 34.5402 0 602.77
21 34.5417 0 684.25
0 34.6135 0 723.4508
0 34.7126 0 716.478
9 34.7133 0 515.08
21 34.7385 0 435.2
0 34.8117 0 458.4844
9 34.8131 0 713.17
21 34.8374 0 672.35
12 34.8905 0 697
0 34.9107 0 700.7892
9 34.912 0 704.8
18 34.9319 0 358.35
21 34.9368 0 666.4
12 34.9893 0 689
15 34.9937 0 435.064
18 35.031 0 576.51
15 35.0926 0 727.735
0 35.1067 0 682.4856
9 35.1077 0 685.27
21 35.1335 0 653.65
12 35.1858 0 669
9 35.2072 0 674.11
18 35.2279 0 561.36
12 35.2849 0 658
15 35.2892 0 705.706
18 35.3271 0 553.28
9 35.4039 0 649.93
12 35.4815 0 341
0 35.4986 0 633.676
18 35.5233 0 535.1
21 35.5249 0 622.2
12 35.5813 0 616
0 35.5979 0 617.9872
21 35.6245 0 367.2
15 35.6806 0 339.605
12 35.7771 0 579
15 35.7799 0 624.933
0 35.7949 0 583.9948
9 35.7956 0 374.65
21 35.8211 0 597.55
12 35.8764 0 558
0 35.8935 0 565.6912
9 35.8951 0 568.09
15 35.976 0 582.973
12 36.0729 0 531
15 36.0751 0 575.63
0 36.0897 0 294.6236
9 36.091 0 556.0
12 36.172 0 532
0 36.1893 0 550.874
9 36.1905 0 556.93
21 36.2126 0 589.9
12 36.2706 0 548
15 36.2721 0 285.057
0 36.2878 0 563.948
9 36.2894 0 568.09
21 36.3119 0 594.15
12 36.3698 0 570
15 36.3712 0 615.492
0 36.3869 0 583.1232
9 36.3885 0 586.69
21 36.4101 0 601.8
12 36.4688 0 591
15 36.47 0 636.472
0 36.486 0 601.4268
9 36.4875 0 604.36
21 36.5095 0 611.15
12 36.5674 0 316
15 36.5689 0 655.354
0 36.5847 0 618.8588
9 36.5862 0 622.03
21 36.6082 0 368.9
18 36.698 0 539.14
12 36.7646 0 641
15 36.7653 0 686.824
0 36.7818 0 648.4932
9 36.7827 0 436.96
18 36.7965 0 548.23
21 36.8048 0 635.8
12 36.8629 0 654
15 36.8645 0 700.461
0 36.8807 0 660.6956
18 36.9934 0 564.39
15 37.061 0 723.539
0 37.0775 0 424.492
12 37.1591 0 686
15 37.16 0 422.476
9 37.1746 0 696.43
0 37.1756 0 692.9448
21 37.1967 0 664.7
9 37.2735 0 705.73
12 37.3554 0 703
15 37.357 0 751.862
0 37.372 0 709.5052
18 37.3853 0 592.67
9 37.4696 0 721.54
9 37.5691 0 728.98
12 37.7471 0 409
15 37.7488 0 758.156
0 37.7651 0 712.9916
9 37.7654 0 716.89
12 37.8467 0 701
15 37.8478 0 750.813
0 37.863 0 705.1472
9 37.8649 0 489.04
12 37.9455 0 693
15 37.9461 0 741.372
0 37.9625 0 696.4312
9 37.9634 0 699.22
21 37.979 0 663.85
12 38.044 0 684
15 38.0454 0 416.182
0 38.0611 0 686.8436
21 38.0785 0 657.05
12 38.1432 0 674
15 38.1444 0 721.441
9 38.1598 0 679.69
18 38.1676 0 326.03
21 38.1769 0 650.25
18 38.2668 0 558.33
12 38.3399 0 651
15 38.3409 0 698.363
21 38.3742 0 634.95
18 38.4641 0 540.15
21 38.4721 0 369.75
9 38.5519 0 627.61
18 38.5623 0 531.06
9 38.6507 0 611.8
12 38.7318 0 284
15 38.7334 0 634.374
18 38.7587 0 511.87
12 38.8299 0 568
15 38.8318 0 613.394
9 38.8473 0 576.46
12 39.0269 0 533
15 39.0287 0 257.783
18 39.1514 0 248.26
21 39.1598 0 329.8
9 39.2418 0 560.65
18 39.25 0 494.7
21 39.2587 0 591.6
9 39.341 0 577.39
18 39.3484 0 503.79
21 39.358 0 597.55
12 39.4194 0 581
15 39.4207 0 625.982
0 39.4364 0 325.1296
9 39.4394 0 595.99
18 39.4482 0 513.89
21 39.457 0 345.1
12 39.5177 0 601
15 39.5192 0 645.913
0 39.5353 0 610.1428
9 39.5388 0 613.66
18 39.5462 0 523.99
21 39.5556 0 615.4
12 39.6172 0 618
15 39.618 0 663.746
0 39.634 0 626.7032
9 39.7349 0 645.28
18 39.7428 0 543.18
21 39.7532 0 631.55
12 39.8129 0 338
15 39.8152 0 370.026
0 39.8306 0 654.5944
9 40.1276 0 463.0
18 40.1349 0 327.04
21 40.1438 0 661.3
12 40.2053 0 690
15 40.2067 0 738.225
0 40.2228 0 697.3028
9 40.2259 0 701.08
18 40.2341 0 582.57
12 40.304 0 699
15 40.3059 0 747.666
0 40.3209 0 706.0188
9 40.4329 0 718.75
18 40.4329 0 595.7
12 40.501 0 714
15 40.502 0 763.401
0 40.5178 0 448.8968
0 40.6168 0 723.4508
0 40.7157 0 716.478
9 40.8144 0 713.17
0 40.8148 0 708.6336
18 40.8223 0 591.66
12 40.8933 0 384
15 40.8945 0 418.28
0 40.9132 0 700.7892
9 40.9139 0 703.87
18 40.9218 0 584.59
21 40.9271 0 400.35
12 40.9915 0 688
15 40.9933 0 737.176
9 41.013 0 694.57
18 41.0208 0 325.02
21 41.0257 0 661.3
0 41.1107 0 682.4856
21 41.1252 0 654.5
12 41.1885 0 669
15 41.19 0 717.245
18 41.2173 0 562.37
21 41.2234 0 379.1
12 41.2875 0 657
15 41.289 0 705.706
18 41.3156 0 554.29
21 41.3222 0 371.45
12 41.4843 0 631
15 41.4859 0 678.432
0 41.5017 0 357.3788
18 41.5123 0 536.11
21 41.5197 0 623.9
15 41.5848 0 331.213
0 41.6011 0 617.9872
15 41.7812 0 624.933
0 41.7974 0 583.1232
12 41.8759 0 240
15 41.8795 0 603.953
0 41.8961 0 565.6912
18 41.9045 0 498.74
21 41.9113 0 592.45
12 41.9752 0 538
15 42.0762 0 576.679
0 42.0932 0 550.0024
12 42.1713 0 533
15 42.1755 0 577.728
0 42.1916 0 550.874
12 42.4659 0 591
15 42.4664 0 636.472
6 42.4669 0 653.8856
0 42.4673 0 597.9404
9 42.4677 0 601.57
3 42.5634 0 652.728
12 42.5638 0 609
15 42.5643 0 654.305
9 42.5647 0 618.31
6 42.5651 0 673.9364
0 42.5655 0 615.3724
15 42.6608 0 672.138
3 42.6614 0 669.918
0 42.6623 0 630.1896
9 42.6628 0 634.12
12 42.6632 0 625
18 42.6867 0 278.56
21 42.6933 0 354.45
3 42.7585 0 684.5295
12 42.759 0 640
15 42.7595 0 686.824
6 42.7599 0 705.8354
0 42.7603 0 645.0068
9 42.7608 0 648.07
18 42.7864 0 547.22
21 42.7928 0 635.8
0 42.8567 0 657.2092
12 42.8571 0 653
9 42.8577 0 662.02
0 42.9556 0 669.4116
15 42.956 0 712.0
12 42.9565 0 665
9 42.9569 0 674.11
6 42.9573 0 730.4432
18 42.9822 0 564.39
21 42.9894 0 651.1
18 43.0821 0 310.88
21 43.0885 0 657.9
15 43.1518 0 734.029
12 43.1523 0 685
3 43.1528 0 729.2235
0 43.1532 0 690.33
6 43.1536 0 751.4054
9 43.154 0 694.57
3 43.2506 0 737.8185
18 43.278 0 586.61
