"x" "y" "z" "temp"
12 0.0 0 521
15 0.0119 0 572.483
21 0.0602 0 582.25
3 0.0673 0 660.4635
9 0.0963 0 571.81
12 0.0989 0 573
15 0.1113 0 623.884
18 0.1355 0 498.74
21 0.1592 0 598.4
3 0.1658 0 742.9755
6 0.1814 0 715.8608
9 0.1945 0 611.8
12 0.1974 0 619
18 0.2346 0 516.92
21 0.2583 0 614.55
3 0.2654 0 750.711
6 0.2807 0 756.8738
9 0.294 0 645.28
12 0.297 0 653
18 0.3335 0 534.09
21 0.3567 0 629.85
6 0.3795 0 786.0386
9 0.3928 0 672.25
18 0.4324 0 549.24
21 0.4564 0 643.45
3 0.4614 0 830.6445
9 0.4918 0 680.62
12 0.4929 0 688
3 0.5611 0 811.7355
6 0.5755 0 777.836
9 0.591 0 615.52
12 0.592 0 664
18 0.6287 0 529.04
21 0.6527 0 616.25
3 0.66 0 784.2315
6 0.6746 0 745.0256
9 0.6892 0 625.75
12 0.6908 0 590
18 0.728 0 469.45
21 0.751 0 564.4
0 0.7547 0 678.9992
3 0.7583 0 739.5375
6 0.7732 0 698.5442
9 0.7885 0 589.48
12 0.7903 0 593
18 0.826 0 494.7
21 0.8502 0 549.95
0 0.8537 0 570.9208
3 0.8573 0 656.166
6 0.8728 0 586.442
9 0.8871 0 551.35
12 0.8893 0 541
18 0.9252 0 481.57
0 0.9521 0 542.158
3 0.9568 0 554.745
6 0.9713 0 575.5052
9 0.9863 0 541.12
12 0.9882 0 520
21 1.047 0 581.4
0 1.0512 0 590.096
3 1.0551 0 646.7115
9 1.0857 0 568.09
12 1.0874 0 567
18 1.1216 0 496.72
21 1.1455 0 596.7
0 1.1502 0 667.6684
3 1.1544 0 697.422
6 1.1681 0 709.481
9 1.1842 0 609.01
12 1.1859 0 615
18 1.2209 0 514.9
21 1.245 0 612.85
0 1.2494 0 717.3496
3 1.2531 0 782.5125
6 1.2669 0 753.2282
9 1.2827 0 642.49
12 1.2853 0 650
18 1.3198 0 532.07
21 1.3439 0 628.15
0 1.3482 0 751.342
6 1.3658 0 783.3044
9 1.3817 0 669.46
18 1.4187 0 547.22
21 1.4421 0 642.6
0 1.4468 0 775.7468
3 1.4501 0 829.785
12 1.4818 0 690
0 1.5456 0 759.1864
3 1.5486 0 814.314
6 1.5626 0 781.4816
9 1.5789 0 660.16
12 1.5804 0 667
18 1.6155 0 531.06
21 1.6394 0 618.8
0 1.6449 0 728.6804
3 1.6476 0 788.529
6 1.6613 0 750.494
9 1.6774 0 585.76
12 1.6787 0 637
18 1.7147 0 514.9
21 1.7379 0 602.65
0 1.7433 0 685.1004
3 1.7465 0 746.4135
6 1.7602 0 705.8354
9 1.7763 0 550.42
12 1.7784 0 552
18 1.8128 0 450.26
21 1.837 0 548.25
0 1.8428 0 617.9872
3 1.8461 0 670.7775
6 1.8594 0 637.4804
9 1.8749 0 556.0
12 1.8767 0 548
18 1.9119 0 482.58
0 1.9418 0 543.0296
3 1.9444 0 555.6045
6 1.9584 0 531.758
9 1.9747 0 541.12
12 1.9756 0 519
21 2.034 0 580.55
0 2.041 0 580.5084
3 2.0438 0 588.2655
6 2.0576 0 629.2778
9 2.0732 0 563.44
18 2.109 0 494.7
21 2.1321 0 594.15
0 2.1392 0 661.5672
3 2.1423 0 729.2235
6 2.1557 0 702.1898
9 2.1723 0 604.36
12 2.1727 0 609
18 2.2076 0 512.88
21 2.2317 0 611.15
0 2.2388 0 712.9916
3 2.2413 0 778.215
6 2.2555 0 748.6712
9 2.2717 0 638.77
12 2.2721 0 646
18 2.3061 0 530.05
21 2.3301 0 626.45
0 2.3372 0 748.7272
3 2.34 0 808.2975
6 2.3545 0 780.5702
9 2.37 0 667.6
12 2.371 0 674
18 2.405 0 545.2
21 2.4298 0 640.9
0 2.4361 0 774.0036
3 2.4397 0 828.066
6 2.4531 0 803.3552
0 2.5357 0 761.8012
3 2.538 0 816.8925
6 2.5521 0 784.2158
9 2.5667 0 663.88
12 2.5671 0 671
18 2.6024 0 533.08
21 2.6261 0 621.35
0 2.6342 0 733.0384
3 2.6373 0 791.967
6 2.6509 0 754.1396
9 2.6651 0 635.05
12 2.6664 0 642
18 2.7011 0 516.92
21 2.725 0 562.7
0 2.7326 0 691.2016
3 2.7358 0 752.43
6 2.7503 0 712.2152
9 2.7647 0 550.42
12 2.7652 0 605
18 2.8004 0 499.75
21 2.8241 0 546.55
0 2.8322 0 627.5748
3 2.8345 0 681.951
6 2.849 0 646.5944
9 2.8633 0 560.65
12 2.8643 0 556
18 2.8986 0 431.07
21 2.9229 0 579.7
0 2.9306 0 545.6444
3 2.9333 0 558.183
6 2.9471 0 576.4166
9 2.9628 0 541.12
12 2.9632 0 519
0 3.0304 0 570.0492
3 3.0328 0 568.497
6 3.0469 0 571.8596
9 3.0617 0 558.79
18 3.0956 0 492.68
21 3.1189 0 592.45
0 3.1292 0 607.528
3 3.1314 0 722.3475
6 3.1459 0 696.7214
12 3.1595 0 604
9 3.1599 0 599.71
18 3.1945 0 510.86
21 3.2184 0 609.45
0 3.2273 0 708.6336
3 3.2301 0 774.777
6 3.2449 0 745.0256
12 3.2586 0 642
9 3.2591 0 635.98
18 3.2945 0 528.03
21 3.3174 0 624.75
0 3.3261 0 745.2408
3 3.3297 0 805.719
6 3.3432 0 777.836
12 3.3568 0 671
9 3.3582 0 664.81
18 3.3917 0 544.19
21 3.4163 0 640.05
3 3.428 0 826.347
6 3.4424 0 801.5324
0 3.5229 0 765.2876
3 3.5279 0 819.471
6 3.5411 0 786.95
12 3.5543 0 674
9 3.5551 0 666.67
18 3.5891 0 536.11
21 3.6129 0 623.9
0 3.6221 0 736.5248
3 3.626 0 795.405
6 3.6406 0 758.6966
12 3.653 0 646
9 3.6534 0 638.77
18 3.688 0 519.95
21 3.7113 0 561.0
0 3.7213 0 697.3028
3 3.7252 0 758.4465
6 3.7396 0 717.6836
12 3.752 0 611
9 3.7527 0 604.36
18 3.7865 0 501.77
21 3.8103 0 591.6
0 3.8197 0 636.2908
3 3.8246 0 693.1245
6 3.838 0 655.7084
12 3.8514 0 507
9 3.8519 0 565.3
18 3.886 0 429.05
21 3.9093 0 580.55
0 3.9194 0 552.6172
3 3.9232 0 517.7865
6 3.937 0 578.2394
12 3.9494 0 463
9 3.9504 0 541.12
0 4.0175 0 559.59
3 4.0229 0 597.72
6 4.0357 0 610.1384
12 4.0491 0 546
18 4.0822 0 489.65
21 4.1059 0 590.75
0 4.1173 0 645.8784
3 4.1207 0 714.612
6 4.1353 0 637.4804
9 4.1469 0 595.06
12 4.1478 0 599
18 4.1809 0 508.84
21 4.2053 0 606.9
3 4.2197 0 770.4795
6 4.2346 0 740.4686
9 4.2463 0 631.33
12 4.2467 0 638
18 4.2796 0 526.01
21 4.3035 0 623.05
0 4.3142 0 741.7544
3 4.319 0 803.1405
6 4.3333 0 774.1904
9 4.3452 0 661.09
12 4.3456 0 668
18 4.3787 0 542.17
21 4.4031 0 638.35
3 4.4185 0 824.628
6 4.4317 0 799.7096
18 4.4776 0 552.27
0 4.5108 0 767.9024
3 4.5167 0 822.0495
6 4.5303 0 789.6842
12 4.5418 0 677
9 4.5422 0 670.39
18 4.5766 0 538.13
21 4.5996 0 576.3
0 4.6098 0 740.8828
3 4.6154 0 798.843
6 4.6291 0 762.3422
12 4.6409 0 650
18 4.6762 0 521.97
21 4.6979 0 610.3
0 4.709 0 702.5324
3 4.7144 0 763.6035
6 4.7285 0 723.152
9 4.7398 0 609.94
12 4.7402 0 615
18 4.7745 0 504.8
21 4.7971 0 594.15
0 4.808 0 645.8784
3 4.8134 0 650.1495
6 4.8276 0 663.911
9 4.8383 0 570.88
12 4.8392 0 569
18 4.8736 0 487.63
21 4.8965 0 530.4
0 4.9065 0 507.294
3 4.9134 0 579.6705
6 4.9259 0 581.885
9 4.9377 0 484.39
12 4.9385 0 460
0 5.0059 0 550.0024
3 5.0115 0 580.53
6 5.0258 0 600.113
12 5.0368 0 539
18 5.0706 0 427.03
21 5.0933 0 588.2
0 5.1052 0 637.1624
3 5.1101 0 706.8765
6 5.124 0 683.9618
9 5.1339 0 589.48
12 5.1364 0 593
18 5.1696 0 505.81
21 5.1922 0 605.2
0 5.2039 0 698.1744
3 5.2093 0 766.182
6 5.2232 0 678.4934
9 5.2335 0 627.61
12 5.2348 0 634
18 5.2678 0 523.99
21 5.2902 0 621.35
0 5.303 0 681.614
3 5.309 0 800.562
6 5.3226 0 771.4562
9 5.3319 0 658.3
12 5.3336 0 665
18 5.3674 0 540.15
21 5.39 0 636.65
9 5.4305 0 683.41
18 5.4653 0 553.28
21 5.4885 0 642.6
0 5.4993 0 770.5172
3 5.5052 0 824.628
6 5.5186 0 793.3298
12 5.5307 0 680
21 5.5877 0 574.6
0 5.5984 0 744.3692
3 5.6038 0 802.281
6 5.6172 0 765.9878
9 5.6275 0 647.14
12 5.6297 0 654
18 5.6629 0 523.99
21 5.6866 0 612.85
0 5.6967 0 708.6336
3 5.703 0 768.7605
6 5.7169 0 728.6204
9 5.7264 0 614.59
12 5.7279 0 620
18 5.7615 0 506.82
21 5.7848 0 596.7
0 5.7957 0 653.7228
3 5.8024 0 712.0335
6 5.8152 0 672.1136
9 5.8258 0 576.46
12 5.8277 0 576
18 5.8598 0 489.65
21 5.8839 0 582.25
0 5.8954 0 571.7924
3 5.9007 0 597.72
6 5.9149 0 590.0876
9 5.9239 0 542.98
0 5.9937 0 544.7728
3 5.9996 0 564.1995
6 6.0134 0 590.0876
9 6.0228 0 483.46
18 6.0565 0 420.97
21 6.0803 0 586.5
0 6.0931 0 627.5748
6 6.1123 0 675.7592
9 6.1225 0 584.83
12 6.1346 0 593
18 6.1553 0 503.79
21 6.1798 0 603.5
0 6.1922 0 692.0732
3 6.1964 0 761.025
6 6.2116 0 731.3546
9 6.2211 0 623.89
12 6.2322 0 633
18 6.2546 0 521.97
21 6.2789 0 619.65
0 6.2908 0 733.91
3 6.2949 0 797.124
6 6.3106 0 706.7468
9 6.3204 0 655.51
12 6.3303 0 664
18 6.354 0 538.13
21 6.378 0 634.95
3 6.3937 0 820.3305
12 6.428 0 688
18 6.4521 0 553.28
21 6.4769 0 587.35
0 6.4877 0 712.9916
6 6.5065 0 796.064
9 6.5165 0 677.83
12 6.5259 0 681
21 6.5758 0 630.7
0 6.5867 0 748.7272
3 6.5907 0 805.719
6 6.6063 0 769.6334
9 6.6158 0 651.79
12 6.6241 0 656
18 6.649 0 526.01
21 6.6747 0 614.55
0 6.6853 0 713.8632
3 6.6898 0 715.4715
6 6.705 0 734.0888
9 6.7141 0 619.24
12 6.7234 0 622
18 6.7477 0 509.85
21 6.7733 0 598.4
0 6.7838 0 662.4388
3 6.7884 0 722.3475
6 6.8034 0 681.2276
9 6.8134 0 581.11
12 6.822 0 578
18 6.8475 0 491.67
21 6.8727 0 583.95
0 6.8831 0 583.1232
3 6.8877 0 617.4885
6 6.9027 0 600.113
9 6.9118 0 545.77
12 6.9217 0 526
0 6.982 0 480.2744
3 6.9868 0 556.464
6 7.0016 0 581.885
12 7.0197 0 530
21 7.0689 0 585.65
6 7.1006 0 666.6452
9 7.1086 0 512.29
12 7.1187 0 585
21 7.1674 0 601.8
0 7.179 0 685.1004
3 7.1834 0 754.149
6 7.1997 0 725.8862
9 7.2074 0 619.24
12 7.2177 0 628
21 7.267 0 617.95
0 7.2778 0 728.6804
3 7.2824 0 793.686
6 7.2978 0 764.165
9 7.3071 0 651.79
12 7.3167 0 660
21 7.366 0 633.25
0 7.3762 0 759.1864
3 7.3807 0 818.6115
9 7.4054 0 677.83
6 7.4951 0 732.266
12 7.514 0 684
0 7.573 0 687.7152
3 7.5784 0 809.157
6 7.5933 0 773.279
9 7.6019 0 655.51
12 7.6124 0 659
0 7.672 0 719.0928
3 7.6771 0 779.934
6 7.6932 0 738.6458
9 7.7015 0 623.89
12 7.7108 0 627
0 7.7711 0 670.2832
3 7.776 0 730.9425
6 7.7921 0 688.5188
9 7.7998 0 586.69
12 7.8103 0 584
0 7.8697 0 595.3256
3 7.8752 0 636.3975
6 7.8906 0 610.1384
9 7.8993 0 548.56
12 7.9088 0 531
0 7.9688 0 541.2864
3 7.9735 0 554.745
6 7.9897 0 577.328
9 7.9978 0 542.05
12 8.0086 0 525
21 8.0556 0 583.1
3 8.0728 0 669.918
9 8.097 0 503.92
12 8.1068 0 579
18 8.1292 0 422.99
21 8.1542 0 599.25
0 8.1649 0 677.256
3 8.1714 0 748.1325
6 8.1866 0 719.5064
9 8.1961 0 614.59
12 8.2057 0 613
18 8.2281 0 516.92
21 8.253 0 616.25
0 8.2636 0 724.3224
3 8.2704 0 790.248
6 8.2851 0 759.608
9 8.2944 0 648.07
12 8.3053 0 657
18 8.327 0 534.09
21 8.3524 0 567.8
0 8.3631 0 755.7
6 8.3838 0 788.7728
9 8.3938 0 675.04
18 8.4264 0 549.24
21 8.451 0 646.0
3 8.4671 0 765.3225
9 8.4921 0 683.41
12 8.5011 0 687
0 8.5597 0 755.7
3 8.5662 0 811.7355
6 8.5802 0 707.6582
9 8.5918 0 658.3
12 8.6005 0 663
18 8.6229 0 531.06
21 8.6476 0 619.65
0 8.6581 0 655.466
3 8.6647 0 784.2315
6 8.6792 0 744.1142
9 8.6908 0 628.54
12 8.6989 0 631
18 8.722 0 513.89
21 8.747 0 602.65
0 8.758 0 678.1276
3 8.764 0 738.678
6 8.7784 0 696.7214
9 8.7888 0 591.34
12 8.7985 0 590
18 8.8208 0 496.72
21 8.8462 0 587.35
0 8.856 0 607.528
3 8.8625 0 651.8685
6 8.8776 0 622.898
9 8.8889 0 552.28
12 8.8972 0 537
18 8.9197 0 482.58
0 8.9549 0 542.158
3 8.9623 0 554.745
6 8.9759 0 576.4166
9 8.9873 0 542.05
12 8.9963 0 521
21 9.0433 0 515.95
0 9.0545 0 593.5824
3 9.0605 0 656.166
9 9.086 0 569.95
12 9.0951 0 572
18 9.1156 0 496.72
21 9.1413 0 597.55
0 9.1529 0 670.2832
3 9.1596 0 742.116
6 9.1732 0 713.1266
12 9.1937 0 619
21 9.2402 0 614.55
0 9.2519 0 719.9644
3 9.2583 0 785.9505
6 9.2722 0 755.9624
12 9.2933 0 638
21 9.3401 0 562.7
0 9.3509 0 753.0852
6 9.3711 0 785.1272
21 9.4381 0 644.3
0 9.4502 0 776.6184
12 9.49 0 690
0 9.549 0 759.1864
3 9.5544 0 815.1735
12 9.5886 0 666
21 9.635 0 621.35
0 9.6476 0 728.6804
3 9.6527 0 788.529
12 9.6877 0 636
21 9.7339 0 605.2
0 9.747 0 611.886
3 9.7525 0 745.554
12 9.7861 0 596
21 9.8334 0 589.05
0 9.8459 0 616.244
3 9.8516 0 666.48
12 9.8849 0 544
21 9.9318 0 580.55
0 9.9447 0 543.0296
3 9.9496 0 555.6045
12 9.9837 0 520
0 10.0432 0 583.1232
3 10.0494 0 639.8355
12 10.0825 0 566
18 10.103 0 494.7
21 10.1289 0 595.0
0 10.1424 0 664.182
3 10.1482 0 735.24
6 10.1612 0 706.7468
9 10.1731 0 607.15
12 10.1819 0 614
18 10.2016 0 428.04
21 10.2279 0 541.45
0 10.2414 0 715.6064
3 10.2467 0 782.5125
6 10.2596 0 751.4054
9 10.2719 0 561.58
12 10.2808 0 631
18 10.3006 0 530.05
21 10.3263 0 628.15
0 10.3406 0 749.5988
3 10.3452 0 736.959
6 10.3587 0 782.393
9 10.3712 0 670.39
18 10.3994 0 546.21
21 10.4249 0 642.6
0 10.4395 0 774.8752
3 10.4441 0 830.6445
6 10.4581 0 805.178
12 10.4777 0 692
0 10.5388 0 761.8012
3 10.5431 0 817.752
6 10.5563 0 784.2158
9 10.5671 0 665.74
12 10.5766 0 669
18 10.5957 0 535.1
21 10.6219 0 623.9
0 10.6373 0 732.1668
3 10.6425 0 791.967
6 10.6555 0 675.7592
9 10.6664 0 636.91
12 10.6756 0 640
18 10.6955 0 518.94
21 10.7207 0 607.75
0 10.7357 0 689.4584
3 10.741 0 751.5705
6 10.7539 0 710.3924
9 10.765 0 601.57
12 10.7739 0 601
18 10.7936 0 501.77
21 10.8193 0 591.6
0 10.835 0 548.2592
3 10.8403 0 678.513
6 10.8534 0 643.8602
9 10.8645 0 561.58
12 10.8734 0 551
18 10.893 0 485.61
21 10.9183 0 580.55
0 10.9338 0 544.7728
3 10.9395 0 557.3235
6 10.9525 0 576.4166
9 10.9628 0 542.05
12 10.9722 0 520
0 11.0335 0 573.5356
3 11.0385 0 624.3645
6 11.0513 0 625.6322
9 11.0623 0 559.72
18 11.089 0 491.67
21 11.1149 0 593.3
0 11.1326 0 657.2092
3 11.1367 0 728.364
6 11.1496 0 700.367
9 11.1612 0 602.5
12 11.1685 0 608
18 11.1886 0 510.86
21 11.2145 0 535.5
0 11.2303 0 710.3768
3 11.236 0 701.7195
6 11.2493 0 747.7598
9 11.2601 0 637.84
12 11.2677 0 645
18 11.2868 0 439.15
21 11.3133 0 626.45
0 11.3297 0 746.984
3 11.3347 0 808.2975
6 11.3481 0 779.6588
9 11.3584 0 583.9
12 11.3669 0 650
18 11.3862 0 544.19
21 11.4117 0 640.9
0 11.4284 0 772.2604
3 11.4338 0 828.9255
6 11.4473 0 803.3552
0 11.5274 0 764.416
3 11.533 0 819.471
6 11.5455 0 786.95
12 11.5632 0 673
18 11.5823 0 538.13
21 11.6083 0 626.45
0 11.6266 0 735.6532
3 11.6316 0 795.405
6 11.6445 0 757.7852
9 11.6538 0 640.63
12 11.6618 0 644
18 11.6814 0 521.97
21 11.707 0 610.3
0 11.7255 0 695.5596
3 11.7307 0 757.587
6 11.7434 0 632.9234
9 11.7537 0 606.22
12 11.7614 0 607
18 11.7804 0 503.79
21 11.8059 0 594.15
0 11.8245 0 633.676
3 11.8293 0 689.6865
6 11.842 0 652.9742
12 11.8602 0 558
18 11.8793 0 487.63
21 11.905 0 581.4
0 11.9228 0 468.9436
3 11.9283 0 562.4805
6 11.9415 0 577.328
9 11.951 0 542.05
12 11.9588 0 520
18 11.9782 0 481.57
0 12.0218 0 563.0764
3 12.0268 0 607.1745
6 12.0403 0 614.6954
18 12.0769 0 489.65
21 12.1017 0 590.75
0 12.1215 0 649.3648
3 12.1263 0 720.6285
6 12.1393 0 693.9872
9 12.1473 0 596.92
12 12.1554 0 603
18 12.1767 0 508.84
0 12.22 0 706.0188
3 12.2248 0 693.1245
6 12.2384 0 743.2028
9 12.247 0 634.12
12 12.2545 0 641
18 12.2749 0 432.08
0 12.3191 0 743.4976
3 12.3245 0 805.719
6 12.3373 0 776.9246
9 12.346 0 663.88
12 12.3536 0 671
18 12.3746 0 542.17
3 12.4227 0 827.2065
6 12.4356 0 800.621
0 12.516 0 767.0308
3 12.5225 0 822.0495
6 12.5345 0 789.6842
9 12.5425 0 584.83
12 12.55 0 647
18 12.5713 0 540.15
0 12.615 0 740.0112
3 12.6206 0 798.843
6 12.6349 0 761.4308
9 12.6413 0 645.28
12 12.6493 0 648
18 12.6693 0 523.99
0 12.7136 0 700.7892
3 12.7199 0 762.744
6 12.7338 0 721.3292
9 12.7397 0 611.8
12 12.7479 0 613
18 12.7687 0 506.82
0 12.8118 0 643.2636
3 12.8187 0 700.0005
9 12.8384 0 571.81
12 12.8468 0 565
18 12.8671 0 489.65
0 12.9113 0 557.8468
3 12.9177 0 573.654
9 12.9381 0 542.98
12 12.9462 0 520
18 12.9665 0 481.57
0 13.0099 0 468.072
3 13.0165 0 589.9845
12 13.0447 0 544
18 13.0656 0 487.63
0 13.1086 0 640.6488
3 13.1152 0 627.8025
9 13.1349 0 591.34
12 13.1433 0 597
18 13.1647 0 505.81
0 13.2079 0 700.7892
3 13.2145 0 769.62
6 13.2278 0 738.6458
9 13.2333 0 629.47
12 13.2433 0 637
18 13.2628 0 523.99
0 13.3067 0 740.0112
3 13.313 0 803.1405
6 13.3263 0 773.279
9 13.3319 0 660.16
12 13.3417 0 668
18 13.3622 0 441.17
3 13.4123 0 825.4875
9 13.4307 0 593.2
0 13.5033 0 770.5172
3 13.5114 0 824.628
6 13.5234 0 792.4184
18 13.5593 0 541.16
0 13.603 0 743.4976
3 13.6099 0 801.4215
6 13.6224 0 765.0764
9 13.6278 0 649.93
18 13.6577 0 526.01
0 13.7011 0 706.8904
3 13.7089 0 767.901
6 13.7214 0 727.709
9 13.7268 0 616.45
18 13.7569 0 508.84
0 13.7999 0 651.108
3 13.8077 0 708.5955
6 13.8198 0 670.2908
9 13.8255 0 577.39
18 13.8559 0 491.67
0 13.8993 0 568.306
3 13.9069 0 589.125
6 13.9188 0 495.302
9 13.924 0 543.91
18 13.9548 0 481.57
0 13.9977 0 546.516
3 14.0064 0 485.1255
6 14.0175 0 593.7332
9 14.0236 0 546.7
18 14.0536 0 486.62
3 14.1045 0 703.4385
6 14.1163 0 679.4048
9 14.1228 0 586.69
18 14.1525 0 503.79
6 14.2156 0 734.0888
9 14.2218 0 625.75
18 14.2516 0 521.97
0 14.2948 0 735.6532
3 14.3019 0 799.7025
6 14.3148 0 770.5448
9 14.3198 0 657.37
18 14.3499 0 539.14
3 14.4011 0 822.909
12 14.4388 0 691
0 14.4911 0 773.132
6 14.5113 0 795.1526
9 14.5165 0 582.97
12 14.5364 0 679
18 14.5472 0 439.15
0 14.5901 0 747.8556
3 14.5973 0 804.8595
6 14.6099 0 768.722
9 14.6158 0 653.65
12 14.6345 0 653
18 14.6459 0 528.03
0 14.6893 0 712.12
3 14.6962 0 773.058
6 14.7096 0 733.1774
9 14.7148 0 621.1
12 14.7323 0 620
18 14.7447 0 510.86
0 14.7879 0 659.824
3 14.7945 0 718.9095
6 14.8085 0 678.4934
9 14.8138 0 582.97
12 14.8302 0 575
18 14.8438 0 493.69
0 14.8869 0 579.6368
3 14.8934 0 518.646
6 14.9075 0 596.4674
9 14.9123 0 546.7
12 14.9283 0 524
18 14.9421 0 481.57
0 14.9864 0 543.0296
3 14.9923 0 559.0425
6 15.0062 0 488.0108
12 15.0276 0 534
6 15.1049 0 671.2022
9 15.1095 0 581.11
12 15.1263 0 589
18 15.1394 0 501.77
0 15.1825 0 687.7152
3 15.189 0 758.4465
6 15.2041 0 728.6204
9 15.2082 0 621.1
12 15.2259 0 631
18 15.2378 0 519.95
0 15.2819 0 637.1624
3 15.2884 0 796.2645
6 15.3031 0 766.8992
9 15.3071 0 653.65
12 15.324 0 663
18 15.3366 0 537.12
0 15.3804 0 760.9296
3 15.3871 0 820.3305
9 15.4061 0 679.69
18 15.4361 0 444.2
6 15.4994 0 797.8868
12 15.5206 0 683
0 15.5774 0 751.342
3 15.5841 0 808.2975
6 15.598 0 773.279
12 15.6196 0 657
18 15.632 0 530.05
0 15.6765 0 717.3496
3 15.6823 0 778.215
6 15.6974 0 737.7344
12 15.7186 0 625
18 15.7315 0 512.88
0 15.7748 0 667.6684
3 15.7814 0 728.364
6 15.7967 0 686.696
12 15.8182 0 581
18 15.8305 0 495.71
0 15.8741 0 591.8392
3 15.8801 0 534.9765
6 15.8949 0 607.4042
12 15.9166 0 528
18 15.9295 0 482.58
0 15.9729 0 542.158
3 15.9797 0 555.6045
6 15.9937 0 579.1508
12 16.015 0 528
3 16.0789 0 677.6535
12 16.1145 0 583
18 16.1256 0 498.74
0 16.1699 0 680.7424
3 16.1771 0 752.43
6 16.1908 0 621.0752
12 16.213 0 627
18 16.2244 0 517.93
0 16.2681 0 726.0656
3 16.277 0 792.8265
6 16.2892 0 762.3422
12 16.3128 0 660
18 16.3241 0 535.1
0 16.3679 0 659.824
6 16.3887 0 790.5956
9 16.3935 0 676.9
18 16.4229 0 550.25
3 16.4732 0 831.504
9 16.4926 0 685.27
12 16.5094 0 676
0 16.5641 0 754.8284
3 16.5715 0 811.7355
6 16.5854 0 776.9246
9 16.5914 0 660.16
12 16.6076 0 661
18 16.6195 0 418.95
0 16.6631 0 722.5792
3 16.6709 0 783.372
6 16.6843 0 743.2028
9 16.6912 0 524.38
12 16.7071 0 629
18 16.7179 0 515.91
0 16.7616 0 676.3844
3 16.7693 0 736.959
6 16.7828 0 694.8986
9 16.7897 0 593.2
12 16.8053 0 587
18 16.8167 0 497.73
0 16.8603 0 604.0416
3 16.8684 0 645.852
6 16.8816 0 619.2524
12 16.9047 0 534
18 16.9164 0 483.59
0 16.9593 0 542.158
3 16.968 0 555.6045
6 16.9812 0 577.328
12 17.0031 0 524
0 17.0584 0 597.9404
3 17.0668 0 664.761
9 17.0864 0 571.81
12 17.1027 0 577
18 17.1122 0 496.72
0 17.1579 0 673.7696
3 17.1653 0 746.4135
6 17.177 0 611.0498
12 17.2015 0 622
18 17.2115 0 514.9
0 17.2566 0 721.7076
3 17.2642 0 789.3885
6 17.2766 0 757.7852
9 17.2842 0 647.14
12 17.3005 0 656
18 17.3104 0 533.08
0 17.3554 0 753.9568
6 17.3759 0 786.95
9 17.3832 0 674.11
18 17.409 0 549.24
0 17.4547 0 702.5324
3 17.4606 0 857.289
12 17.497 0 793
3 17.5604 0 883.9335
6 17.5723 0 887.204
9 17.5801 0 856.39
12 17.5961 0 857
18 17.6055 0 697.71
0 17.6515 0 875.1092
3 17.6588 0 792.8265
9 17.6791 0 871.27
12 17.6953 0 885
18 17.705 0 818.91
3 17.7574 0 893.388
12 17.7942 0 885
3 17.8568 0 888.231
9 17.8754 0 756.88
12 17.8928 0 884
18 17.9018 0 816.89
3 17.9553 0 884.793
6 17.964 0 896.318
9 17.9743 0 866.62
12 17.9919 0 883
18 18.0003 0 816.89
0 18.0426 0 875.9808
6 18.0626 0 897.2294
9 18.0731 0 867.55
18 18.0997 0 816.89
0 18.1419 0 878.5956
3 18.1525 0 891.669
12 18.188 0 884
3 18.2506 0 895.107
9 18.27 0 873.13
18 18.2954 0 818.91
0 18.3379 0 883.8252
9 18.3687 0 875.92
3 18.4474 0 903.702
9 18.5647 0 874.06
12 18.5797 0 886
6 18.6515 0 905.432
18 18.6874 0 695.69
0 18.7304 0 770.5172
3 18.84 0 779.934
3 18.9386 0 872.76
9 18.9573 0 739.21
3 19.0374 0 882.2145
9 19.0563 0 866.62
9 19.1552 0 872.2
3 19.2336 0 889.0905
9 19.2542 0 862.9
3 19.3332 0 889.0905
12 19.3621 0 853
6 19.4334 0 790.5956
9 19.4505 0 869.41
12 19.4614 0 880
18 19.4701 0 814.87
0 19.5127 0 876.8524
6 19.5329 0 893.5838
6 19.6322 0 804.2666
12 19.658 0 747
6 19.731 0 768.722
12 19.7572 0 718
6 19.8292 0 677.582
9 19.8425 0 582.97
12 19.8562 0 577
6 19.928 0 580.9736
9 19.9416 0 423.94
12 19.9553 0 519
6 20.0279 0 601.0244
6 20.1265 0 684.8732
9 20.1397 0 592.27
12 20.1512 0 601
6 20.226 0 737.7344
9 20.2384 0 628.54
12 20.2508 0 640
18 20.2548 0 392.69
0 20.2955 0 600.5552
6 20.3245 0 772.3676
9 20.337 0 659.23
12 20.3496 0 671
18 20.3516 0 409.86
0 20.3945 0 742.626
3 20.4161 0 715.4715
18 20.4509 0 553.28
3 20.5149 0 824.628
6 20.5204 0 674.8478
9 20.5341 0 672.25
12 20.5459 0 678
18 20.5499 0 542.17
0 20.5904 0 726.0656
3 20.6141 0 803.1405
6 20.6192 0 769.6334
9 20.6327 0 675.97
12 20.6451 0 768
18 20.6487 0 803.76
3 20.7129 0 888.231
6 20.7187 0 893.5838
9 20.7316 0 861.97
12 20.7443 0 844
18 20.7477 0 684.58
3 20.8114 0 892.5285
6 20.8178 0 904.5206
9 20.8307 0 871.27
12 20.843 0 889
18 20.9443 0 816.89
